5 7058.35 -11345 283380 -2.76825e+06
5.002 14094.5 -22127.6 561247 -5.50255e+06
5.00401 21109.6 -32358.8 833668 -8.20317e+06
5.00601 28104.8 -42049.5 1.10071e+06 -1.08703e+07
5.00802 35081.1 -51210.4 1.36244e+06 -1.35043e+07
5.01002 42039.5 -59852 1.61893e+06 -1.61053e+07
5.01202 48981.1 -67984.8 1.87023e+06 -1.86736e+07
5.01403 55907 -75619.2 2.11642e+06 -2.12095e+07
5.01603 62818 -82765.2 2.35756e+06 -2.37131e+07
5.01804 69715.2 -89433 2.59372e+06 -2.61848e+07
5.02004 76599.5 -95632.5 2.82496e+06 -2.86248e+07
5.02204 83471.8 -101373 3.05133e+06 -3.10332e+07
5.02405 90333.1 -106666 3.27292e+06 -3.34104e+07
5.02605 97184.2 -111518 3.48976e+06 -3.57566e+07
5.02806 104026 -115941 3.70194e+06 -3.8072e+07
5.03006 110859 -119944 3.90951e+06 -4.03569e+07
5.03206 117685 -123535 4.11253e+06 -4.26115e+07
5.03407 124504 -126723 4.31106e+06 -4.48361e+07
5.03607 131317 -129518 4.50517e+06 -4.70308e+07
5.03808 138125 -131929 4.6949e+06 -4.91959e+07
5.04008 144928 -133964 4.88033e+06 -5.13316e+07
5.04208 151728 -135631 5.0615e+06 -5.34383e+07
5.04409 158524 -136940 5.23848e+06 -5.5516e+07
5.04609 165319 -137898 5.41133e+06 -5.75651e+07
5.0481 172112 -138513 5.5801e+06 -5.95857e+07
5.0501 178904 -138795 5.74485e+06 -6.15781e+07
5.0521 185695 -138750 5.90563e+06 -6.35426e+07
5.05411 192487 -138387 6.06251e+06 -6.54792e+07
5.05611 199280 -137714 6.21553e+06 -6.73884e+07
5.05812 206075 -136738 6.36475e+06 -6.92702e+07
5.06012 212872 -135466 6.51023e+06 -7.1125e+07
5.06212 219672 -133907 6.65202e+06 -7.29529e+07
5.06413 226475 -132067 6.79017e+06 -7.47541e+07
5.06613 233282 -129954 6.92474e+06 -7.65289e+07
5.06814 240094 -127574 7.05578e+06 -7.82776e+07
5.07014 246911 -124936 7.18334e+06 -8.00002e+07
5.07214 253733 -122045 7.30747e+06 -8.16971e+07
5.07415 260562 -118909 7.42823e+06 -8.33684e+07
5.07615 267396 -115535 7.54567e+06 -8.50145e+07
5.07816 274238 -111928 7.65983e+06 -8.66353e+07
5.08016 281088 -108096 7.77077e+06 -8.82313e+07
5.08216 287945 -104045 7.87853e+06 -8.98026e+07
5.08417 294810 -99780.3 7.98317e+06 -9.13495e+07
5.08617 301685 -95309.6 8.08474e+06 -9.2872e+07
5.08818 308568 -90638.3 8.18328e+06 -9.43705e+07
5.09018 315461 -85772.5 8.27884e+06 -9.58452e+07
5.09218 322364 -80718.2 8.37146e+06 -9.72962e+07
5.09419 329277 -75481.2 8.46121e+06 -9.87238e+07
5.09619 336201 -70067.1 8.54811e+06 -1.00128e+08
5.0982 343136 -64481.7 8.63223e+06 -1.01509e+08
5.1002 350082 -58730.5 8.71359e+06 -1.02868e+08
5.1022 357040 -52819 8.79226e+06 -1.04204e+08
5.10421 364010 -46752.5 8.86828e+06 -1.05517e+08
5.10621 370993 -40536.2 8.94168e+06 -1.06809e+08
5.10822 377988 -34175.4 9.01252e+06 -1.08078e+08
5.11022 384996 -27675.2 9.08084e+06 -1.09326e+08
5.11222 392017 -21040.6 9.14668e+06 -1.10552e+08
5.11423 399051 -14276.5 9.21008e+06 -1.11756e+08
5.11623 406099 -7387.76 9.27109e+06 -1.12939e+08
5.11824 413161 -379.098 9.32975e+06 -1.14102e+08
5.12024 420237 6744.8 9.3861e+06 -1.15243e+08
5.12224 427328 13979.4 9.44019e+06 -1.16364e+08
5.12425 434433 21320.1 9.49205e+06 -1.17464e+08
5.12625 441553 28762.5 9.54172e+06 -1.18545e+08
5.12826 448688 36302.3 9.58925e+06 -1.19605e+08
5.13026 455838 43935.3 9.63468e+06 -1.20645e+08
5.13226 463004 51657.2 9.67804e+06 -1.21666e+08
5.13427 470185 59464 9.71937e+06 -1.22667e+08
5.13627 477382 67351.6 9.75872e+06 -1.23649e+08
5.13828 484594 75316.1 9.79612e+06 -1.24611e+08
5.14028 491823 83353.6 9.83161e+06 -1.25555e+08
5.14228 499068 91460.4 9.86522e+06 -1.2648e+08
5.14429 506329 99632.7 9.897e+06 -1.27387e+08
5.14629 513607 107867 9.92698e+06 -1.28275e+08
5.1483 520901 116159 9.9552e+06 -1.29145e+08
5.1503 528212 124507 9.9817e+06 -1.29998e+08
5.1523 535540 132905 1.00065e+07 -1.30832e+08
5.15431 542885 141352 1.00297e+07 -1.31649e+08
5.15631 550246 149844 1.00512e+07 -1.32448e+08
5.15832 557625 158377 1.00711e+07 -1.3323e+08
5.16032 565021 166948 1.00895e+07 -1.33995e+08
5.16232 572434 175555 1.01064e+07 -1.34743e+08
5.16433 579864 184194 1.01218e+07 -1.35474e+08
5.16633 587312 192863 1.01358e+07 -1.36188e+08
5.16834 594777 201558 1.01483e+07 -1.36887e+08
5.17034 602259 210277 1.01594e+07 -1.37569e+08
5.17234 609759 219016 1.01692e+07 -1.38235e+08
5.17435 617276 227775 1.01777e+07 -1.38885e+08
5.17635 624811 236548 1.01849e+07 -1.39519e+08
5.17836 632364 245335 1.01909e+07 -1.40138e+08
5.18036 639934 254133 1.01956e+07 -1.40742e+08
5.18236 647522 262939 1.01991e+07 -1.4133e+08
5.18437 655128 271751 1.02014e+07 -1.41904e+08
5.18637 662751 280566 1.02027e+07 -1.42462e+08
5.18838 670392 289383 1.02028e+07 -1.43006e+08
5.19038 678051 298199 1.02018e+07 -1.43535e+08
5.19238 685727 307011 1.01998e+07 -1.4405e+08
5.19439 693421 315819 1.01968e+07 -1.44551e+08
5.19639 701132 324620 1.01928e+07 -1.45038e+08
5.1984 708861 333412 1.01878e+07 -1.4551e+08
5.2004 716608 342193 1.01819e+07 -1.45969e+08
5.2024 724373 350961 1.01751e+07 -1.46415e+08
5.20441 732154 359714 1.01674e+07 -1.46847e+08
5.20641 739954 368452 1.01589e+07 -1.47266e+08
5.20842 747771 377171 1.01495e+07 -1.47672e+08
5.21042 755605 385871 1.01393e+07 -1.48065e+08
5.21242 763457 394549 1.01284e+07 -1.48445e+08
5.21443 771326 403205 1.01167e+07 -1.48812e+08
5.21643 779213 411837 1.01043e+07 -1.49167e+08
5.21844 787116 420443 1.00911e+07 -1.4951e+08
5.22044 795037 429022 1.00774e+07 -1.49841e+08
5.22244 802976 437573 1.00629e+07 -1.50159e+08
5.22445 810931 446095 1.00478e+07 -1.50466e+08
5.22645 818903 454585 1.00322e+07 -1.50761e+08
5.22846 826892 463044 1.00159e+07 -1.51044e+08
5.23046 834899 471469 9.9991e+06 -1.51316e+08
5.23246 842922 479860 9.98176e+06 -1.51577e+08
5.23447 850961 488216 9.96391e+06 -1.51827e+08
5.23647 859018 496536 9.94556e+06 -1.52066e+08
5.23848 867091 504818 9.92675e+06 -1.52294e+08
5.24048 875181 513062 9.90749e+06 -1.52511e+08
5.24248 883287 521268 9.88781e+06 -1.52717e+08
5.24449 891410 529433 9.86773e+06 -1.52914e+08
5.24649 899549 537558 9.84726e+06 -1.531e+08
5.2485 907704 545641 9.82643e+06 -1.53276e+08
5.2505 915875 553682 9.80525e+06 -1.53442e+08
5.25251 924063 561681 9.78376e+06 -1.53598e+08
5.25451 932266 569636 9.76196e+06 -1.53744e+08
5.25651 940485 577547 9.73987e+06 -1.53881e+08
5.25852 948720 585413 9.71752e+06 -1.54009e+08
5.26052 956971 593235 9.69493e+06 -1.54127e+08
5.26253 965238 601011 9.67211e+06 -1.54236e+08
5.26453 973520 608741 9.64908e+06 -1.54336e+08
5.26653 981817 616425 9.62585e+06 -1.54427e+08
5.26854 990130 624062 9.60245e+06 -1.54509e+08
5.27054 998458 631652 9.5789e+06 -1.54583e+08
5.27255 1.0068e+06 639195 9.55521e+06 -1.54649e+08
5.27455 1.01516e+06 646690 9.53139e+06 -1.54706e+08
5.27655 1.02353e+06 654137 9.50747e+06 -1.54754e+08
5.27856 1.03192e+06 661536 9.48346e+06 -1.54795e+08
5.28056 1.04032e+06 668887 9.45937e+06 -1.54828e+08
5.28257 1.04874e+06 676190 9.43523e+06 -1.54853e+08
5.28457 1.05717e+06 683444 9.41105e+06 -1.5487e+08
5.28657 1.06562e+06 690649 9.38684e+06 -1.54879e+08
5.28858 1.07408e+06 697807 9.36261e+06 -1.54881e+08
5.29058 1.08256e+06 704915 9.33839e+06 -1.54876e+08
5.29259 1.09105e+06 711975 9.31419e+06 -1.54864e+08
5.29459 1.09955e+06 718987 9.29002e+06 -1.54844e+08
5.29659 1.10807e+06 725950 9.2659e+06 -1.54818e+08
5.2986 1.1166e+06 732865 9.24183e+06 -1.54785e+08
5.3006 1.12514e+06 739732 9.21784e+06 -1.54745e+08
5.30261 1.1337e+06 746551 9.19394e+06 -1.54698e+08
5.30461 1.14228e+06 753322 9.17013e+06 -1.54645e+08
5.30661 1.15086e+06 760045 9.14644e+06 -1.54585e+08
5.30862 1.15946e+06 766721 9.12287e+06 -1.5452e+08
5.31062 1.16807e+06 773350 9.09945e+06 -1.54448e+08
5.31263 1.1767e+06 779933 9.07617e+06 -1.5437e+08
5.31463 1.18534e+06 786468 9.05305e+06 -1.54286e+08
5.31663 1.19399e+06 792958 9.03011e+06 -1.54197e+08
5.31864 1.20266e+06 799402 9.00735e+06 -1.54102e+08
5.32064 1.21134e+06 805800 8.98479e+06 -1.54001e+08
5.32265 1.22003e+06 812153 8.96243e+06 -1.53895e+08
5.32465 1.22873e+06 818462 8.9403e+06 -1.53784e+08
5.32665 1.23745e+06 824726 8.91839e+06 -1.53667e+08
5.32866 1.24618e+06 830947 8.89672e+06 -1.53545e+08
5.33066 1.25492e+06 837125 8.8753e+06 -1.53418e+08
5.33267 1.26367e+06 843260 8.85414e+06 -1.53287e+08
5.33467 1.27244e+06 849353 8.83325e+06 -1.5315e+08
5.33667 1.28121e+06 855405 8.81264e+06 -1.53009e+08
5.33868 1.29e+06 861415 8.79231e+06 -1.52864e+08
5.34068 1.29881e+06 867385 8.77228e+06 -1.52713e+08
5.34269 1.30762e+06 873315 8.75255e+06 -1.52559e+08
5.34469 1.31645e+06 879206 8.73314e+06 -1.524e+08
5.34669 1.32528e+06 885058 8.71405e+06 -1.52238e+08
5.3487 1.33413e+06 890872 8.69529e+06 -1.52071e+08
5.3507 1.34299e+06 896649 8.67687e+06 -1.519e+08
5.35271 1.35187e+06 902390 8.6588e+06 -1.51725e+08
5.35471 1.36075e+06 908095 8.64108e+06 -1.51547e+08
5.35671 1.36965e+06 913764 8.62372e+06 -1.51365e+08
5.35872 1.37855e+06 919399 8.60672e+06 -1.5118e+08
5.36072 1.38747e+06 925001 8.59011e+06 -1.50991e+08
5.36273 1.3964e+06 930569 8.57387e+06 -1.50799e+08
5.36473 1.40534e+06 936105 8.55802e+06 -1.50603e+08
5.36673 1.41429e+06 941610 8.54257e+06 -1.50405e+08
5.36874 1.42325e+06 947085 8.52752e+06 -1.50203e+08
5.37074 1.43223e+06 952529 8.51287e+06 -1.49999e+08
5.37275 1.44121e+06 957945 8.49864e+06 -1.49792e+08
5.37475 1.45021e+06 963333 8.48483e+06 -1.49582e+08
5.37675 1.45921e+06 968693 8.47144e+06 -1.49369e+08
5.37876 1.46823e+06 974027 8.45848e+06 -1.49154e+08
5.38076 1.47726e+06 979335 8.44595e+06 -1.48936e+08
5.38277 1.48629e+06 984619 8.43386e+06 -1.48716e+08
5.38477 1.49534e+06 989879 8.42221e+06 -1.48494e+08
5.38677 1.5044e+06 995116 8.41102e+06 -1.48269e+08
5.38878 1.51347e+06 1.00033e+06 8.40027e+06 -1.48043e+08
5.39078 1.52255e+06 1.00553e+06 8.38998e+06 -1.47814e+08
5.39279 1.53164e+06 1.0107e+06 8.38015e+06 -1.47584e+08
5.39479 1.54074e+06 1.01585e+06 8.37078e+06 -1.47351e+08
5.39679 1.54985e+06 1.02099e+06 8.36188e+06 -1.47117e+08
5.3988 1.55897e+06 1.02611e+06 8.35345e+06 -1.46882e+08
5.4008 1.5681e+06 1.03121e+06 8.3455e+06 -1.46645e+08
5.40281 1.57724e+06 1.0363e+06 8.33802e+06 -1.46406e+08
5.40481 1.5864e+06 1.04137e+06 8.33102e+06 -1.46166e+08
5.40681 1.59556e+06 1.04643e+06 8.32451e+06 -1.45925e+08
5.40882 1.60473e+06 1.05148e+06 8.31847e+06 -1.45682e+08
5.41082 1.61391e+06 1.05651e+06 8.31293e+06 -1.45438e+08
5.41283 1.6231e+06 1.06154e+06 8.30787e+06 -1.45194e+08
5.41483 1.63231e+06 1.06655e+06 8.30331e+06 -1.44948e+08
5.41683 1.64152e+06 1.07156e+06 8.29924e+06 -1.44702e+08
5.41884 1.65074e+06 1.07655e+06 8.29566e+06 -1.44454e+08
5.42084 1.65997e+06 1.08155e+06 8.29258e+06 -1.44206e+08
5.42285 1.66921e+06 1.08653e+06 8.29e+06 -1.43958e+08
5.42485 1.67847e+06 1.09151e+06 8.28792e+06 -1.43709e+08
5.42685 1.68773e+06 1.09649e+06 8.28634e+06 -1.43459e+08
5.42886 1.697e+06 1.10146e+06 8.28525e+06 -1.43209e+08
5.43086 1.70628e+06 1.10644e+06 8.28467e+06 -1.42959e+08
5.43287 1.71558e+06 1.11141e+06 8.28459e+06 -1.42708e+08
5.43487 1.72488e+06 1.11638e+06 8.28501e+06 -1.42458e+08
5.43687 1.73419e+06 1.12136e+06 8.28594e+06 -1.42207e+08
5.43888 1.74351e+06 1.12633e+06 8.28736e+06 -1.41956e+08
5.44088 1.75284e+06 1.13131e+06 8.28929e+06 -1.41706e+08
5.44289 1.76219e+06 1.1363e+06 8.29173e+06 -1.41455e+08
5.44489 1.77154e+06 1.14129e+06 8.29466e+06 -1.41205e+08
5.44689 1.7809e+06 1.14628e+06 8.29809e+06 -1.40955e+08
5.4489 1.79027e+06 1.15129e+06 8.30203e+06 -1.40705e+08
5.4509 1.79965e+06 1.1563e+06 8.30646e+06 -1.40456e+08
5.45291 1.80905e+06 1.16132e+06 8.3114e+06 -1.40208e+08
5.45491 1.81845e+06 1.16635e+06 8.31683e+06 -1.3996e+08
5.45691 1.82786e+06 1.1714e+06 8.32275e+06 -1.39712e+08
5.45892 1.83728e+06 1.17645e+06 8.32918e+06 -1.39466e+08
5.46092 1.84671e+06 1.18152e+06 8.33609e+06 -1.3922e+08
5.46293 1.85616e+06 1.1866e+06 8.3435e+06 -1.38975e+08
5.46493 1.86561e+06 1.1917e+06 8.3514e+06 -1.38732e+08
5.46693 1.87507e+06 1.19682e+06 8.35978e+06 -1.38489e+08
5.46894 1.88455e+06 1.20195e+06 8.36865e+06 -1.38247e+08
5.47094 1.89403e+06 1.2071e+06 8.378e+06 -1.38006e+08
5.47295 1.90352e+06 1.21227e+06 8.38784e+06 -1.37767e+08
5.47495 1.91303e+06 1.21746e+06 8.39815e+06 -1.37529e+08
5.47695 1.92254e+06 1.22267e+06 8.40893e+06 -1.37293e+08
5.47896 1.93207e+06 1.2279e+06 8.42019e+06 -1.37057e+08
5.48096 1.9416e+06 1.23316e+06 8.43192e+06 -1.36824e+08
5.48297 1.95115e+06 1.23844e+06 8.44412e+06 -1.36592e+08
5.48497 1.96071e+06 1.24374e+06 8.45678e+06 -1.36361e+08
5.48697 1.97028e+06 1.24907e+06 8.4699e+06 -1.36132e+08
5.48898 1.97985e+06 1.25443e+06 8.48348e+06 -1.35905e+08
5.49098 1.98944e+06 1.25982e+06 8.49751e+06 -1.3568e+08
5.49299 1.99904e+06 1.26523e+06 8.51199e+06 -1.35457e+08
5.49499 2.00865e+06 1.27067e+06 8.52691e+06 -1.35236e+08
5.49699 2.01828e+06 1.27615e+06 8.54228e+06 -1.35016e+08
5.499 2.02791e+06 1.28165e+06 8.55809e+06 -1.34799e+08
5.501 2.03755e+06 1.28719e+06 8.57432e+06 -1.34584e+08
5.50301 2.04721e+06 1.29276e+06 8.59099e+06 -1.34371e+08
5.50501 2.05687e+06 1.29836e+06 8.60808e+06 -1.34161e+08
5.50701 2.06655e+06 1.304e+06 8.62559e+06 -1.33953e+08
5.50902 2.07624e+06 1.30967e+06 8.64351e+06 -1.33747e+08
5.51102 2.08594e+06 1.31538e+06 8.66185e+06 -1.33543e+08
5.51303 2.09565e+06 1.32113e+06 8.68059e+06 -1.33343e+08
5.51503 2.10537e+06 1.32692e+06 8.69972e+06 -1.33144e+08
5.51703 2.11511e+06 1.33274e+06 8.71926e+06 -1.32949e+08
5.51904 2.12486e+06 1.3386e+06 8.73918e+06 -1.32756e+08
5.52104 2.13461e+06 1.34451e+06 8.75949e+06 -1.32565e+08
5.52305 2.14438e+06 1.35045e+06 8.78018e+06 -1.32378e+08
5.52505 2.15417e+06 1.35644e+06 8.80123e+06 -1.32194e+08
5.52705 2.16396e+06 1.36247e+06 8.82266e+06 -1.32012e+08
5.52906 2.17377e+06 1.36854e+06 8.84445e+06 -1.31833e+08
5.53106 2.18358e+06 1.37466e+06 8.86659e+06 -1.31658e+08
5.53307 2.19342e+06 1.38082e+06 8.88908e+06 -1.31485e+08
5.53507 2.20326e+06 1.38703e+06 8.91191e+06 -1.31316e+08
5.53707 2.21311e+06 1.39328e+06 8.93508e+06 -1.3115e+08
5.53908 2.22298e+06 1.39958e+06 8.95858e+06 -1.30987e+08
5.54108 2.23286e+06 1.40592e+06 8.9824e+06 -1.30827e+08
5.54309 2.24276e+06 1.41232e+06 9.00653e+06 -1.30671e+08
5.54509 2.25266e+06 1.41876e+06 9.03098e+06 -1.30518e+08
5.54709 2.26258e+06 1.42526e+06 9.05573e+06 -1.30369e+08
5.5491 2.27252e+06 1.4318e+06 9.08078e+06 -1.30223e+08
5.5511 2.28246e+06 1.43839e+06 9.10611e+06 -1.30081e+08
5.55311 2.29242e+06 1.44504e+06 9.13173e+06 -1.29943e+08
5.55511 2.30239e+06 1.45173e+06 9.15762e+06 -1.29808e+08
5.55711 2.31238e+06 1.45848e+06 9.18377e+06 -1.29677e+08
5.55912 2.32238e+06 1.46528e+06 9.21019e+06 -1.29549e+08
5.56112 2.33239e+06 1.47214e+06 9.23685e+06 -1.29426e+08
5.56313 2.34242e+06 1.47904e+06 9.26376e+06 -1.29306e+08
5.56513 2.35246e+06 1.48601e+06 9.29091e+06 -1.29191e+08
5.56713 2.36251e+06 1.49302e+06 9.31828e+06 -1.29079e+08
5.56914 2.37258e+06 1.50009e+06 9.34588e+06 -1.28971e+08
5.57114 2.38267e+06 1.50722e+06 9.37368e+06 -1.28868e+08
5.57315 2.39276e+06 1.51441e+06 9.40169e+06 -1.28768e+08
5.57515 2.40288e+06 1.52164e+06 9.42989e+06 -1.28673e+08
5.57715 2.413e+06 1.52894e+06 9.45828e+06 -1.28582e+08
5.57916 2.42314e+06 1.53629e+06 9.48685e+06 -1.28496e+08
5.58116 2.4333e+06 1.5437e+06 9.51558e+06 -1.28413e+08
5.58317 2.44347e+06 1.55117e+06 9.54448e+06 -1.28336e+08
5.58517 2.45366e+06 1.5587e+06 9.57353e+06 -1.28262e+08
5.58717 2.46386e+06 1.56628e+06 9.60272e+06 -1.28193e+08
5.58918 2.47407e+06 1.57393e+06 9.63204e+06 -1.28129e+08
5.59118 2.4843e+06 1.58163e+06 9.66149e+06 -1.28069e+08
5.59319 2.49455e+06 1.58939e+06 9.69106e+06 -1.28014e+08
5.59519 2.50481e+06 1.59721e+06 9.72073e+06 -1.27963e+08
5.59719 2.51509e+06 1.60509e+06 9.7505e+06 -1.27917e+08
5.5992 2.52539e+06 1.61303e+06 9.78035e+06 -1.27876e+08
5.6012 2.5357e+06 1.62103e+06 9.81028e+06 -1.2784e+08
5.60321 2.54602e+06 1.62909e+06 9.84028e+06 -1.27809e+08
5.60521 2.55637e+06 1.63721e+06 9.87034e+06 -1.27782e+08
5.60721 2.56673e+06 1.64539e+06 9.90044e+06 -1.27761e+08
5.60922 2.5771e+06 1.65364e+06 9.93059e+06 -1.27744e+08
5.61122 2.58749e+06 1.66194e+06 9.96076e+06 -1.27733e+08
5.61323 2.5979e+06 1.6703e+06 9.99095e+06 -1.27727e+08
5.61523 2.60833e+06 1.67872e+06 1.00211e+07 -1.27725e+08
5.61723 2.61877e+06 1.6872e+06 1.00513e+07 -1.27729e+08
5.61924 2.62923e+06 1.69575e+06 1.00815e+07 -1.27738e+08
5.62124 2.63971e+06 1.70435e+06 1.01117e+07 -1.27753e+08
5.62325 2.6502e+06 1.71301e+06 1.01418e+07 -1.27773e+08
5.62525 2.66071e+06 1.72174e+06 1.01719e+07 -1.27798e+08
5.62725 2.67124e+06 1.73052e+06 1.02019e+07 -1.27828e+08
5.62926 2.68179e+06 1.73937e+06 1.02319e+07 -1.27864e+08
5.63126 2.69235e+06 1.74827e+06 1.02617e+07 -1.27906e+08
5.63327 2.70293e+06 1.75724e+06 1.02915e+07 -1.27953e+08
5.63527 2.71353e+06 1.76626e+06 1.03212e+07 -1.28006e+08
5.63727 2.72415e+06 1.77535e+06 1.03508e+07 -1.28064e+08
5.63928 2.73479e+06 1.78449e+06 1.03802e+07 -1.28128e+08
5.64128 2.74545e+06 1.79369e+06 1.04096e+07 -1.28197e+08
5.64329 2.75612e+06 1.80295e+06 1.04387e+07 -1.28273e+08
5.64529 2.76681e+06 1.81227e+06 1.04678e+07 -1.28354e+08
5.64729 2.77752e+06 1.82165e+06 1.04966e+07 -1.28441e+08
5.6493 2.78825e+06 1.83108e+06 1.05253e+07 -1.28534e+08
5.6513 2.799e+06 1.84057e+06 1.05538e+07 -1.28632e+08
5.65331 2.80977e+06 1.85012e+06 1.0582e+07 -1.28737e+08
5.65531 2.82056e+06 1.85973e+06 1.06101e+07 -1.28848e+08
5.65731 2.83136e+06 1.86939e+06 1.06379e+07 -1.28965e+08
5.65932 2.84219e+06 1.8791e+06 1.06655e+07 -1.29088e+08
5.66132 2.85303e+06 1.88887e+06 1.06929e+07 -1.29217e+08
5.66333 2.8639e+06 1.8987e+06 1.07199e+07 -1.29352e+08
5.66533 2.87478e+06 1.90858e+06 1.07467e+07 -1.29493e+08
5.66733 2.88569e+06 1.91851e+06 1.07732e+07 -1.29641e+08
5.66934 2.89661e+06 1.9285e+06 1.07994e+07 -1.29795e+08
5.67134 2.90756e+06 1.93854e+06 1.08253e+07 -1.29955e+08
5.67335 2.91852e+06 1.94863e+06 1.08509e+07 -1.30122e+08
5.67535 2.92951e+06 1.95877e+06 1.08761e+07 -1.30295e+08
5.67735 2.94051e+06 1.96896e+06 1.0901e+07 -1.30475e+08
5.67936 2.95154e+06 1.9792e+06 1.09255e+07 -1.30661e+08
5.68136 2.96258e+06 1.98949e+06 1.09496e+07 -1.30853e+08
5.68337 2.97365e+06 1.99983e+06 1.09733e+07 -1.31053e+08
5.68537 2.98474e+06 2.01021e+06 1.09967e+07 -1.31259e+08
5.68737 2.99585e+06 2.02064e+06 1.10196e+07 -1.31471e+08
5.68938 3.00698e+06 2.03112e+06 1.1042e+07 -1.3169e+08
5.69138 3.01813e+06 2.04164e+06 1.10641e+07 -1.31916e+08
5.69339 3.0293e+06 2.0522e+06 1.10856e+07 -1.32149e+08
5.69539 3.04049e+06 2.06281e+06 1.11067e+07 -1.32389e+08
5.69739 3.05171e+06 2.07346e+06 1.11273e+07 -1.32636e+08
5.6994 3.06294e+06 2.08415e+06 1.11474e+07 -1.32889e+08
5.7014 3.0742e+06 2.09488e+06 1.1167e+07 -1.3315e+08
5.70341 3.08548e+06 2.10565e+06 1.11861e+07 -1.33417e+08
5.70541 3.09678e+06 2.11645e+06 1.12046e+07 -1.33692e+08
5.70741 3.1081e+06 2.12729e+06 1.12226e+07 -1.33973e+08
5.70942 3.11945e+06 2.13817e+06 1.124e+07 -1.34262e+08
5.71142 3.13081e+06 2.14908e+06 1.12568e+07 -1.34558e+08
5.71343 3.1422e+06 2.16003e+06 1.1273e+07 -1.34861e+08
5.71543 3.15361e+06 2.17101e+06 1.12885e+07 -1.35171e+08
5.71743 3.16504e+06 2.18201e+06 1.13035e+07 -1.35489e+08
5.71944 3.17649e+06 2.19305e+06 1.13178e+07 -1.35814e+08
5.72144 3.18797e+06 2.20411e+06 1.13315e+07 -1.36147e+08
5.72345 3.19947e+06 2.21521e+06 1.13445e+07 -1.36487e+08
5.72545 3.21099e+06 2.22632e+06 1.13567e+07 -1.36834e+08
5.72745 3.22253e+06 2.23746e+06 1.13683e+07 -1.37189e+08
5.72946 3.23409e+06 2.24863e+06 1.13792e+07 -1.37551e+08
5.73146 3.24568e+06 2.25981e+06 1.13893e+07 -1.37921e+08
5.73347 3.25729e+06 2.27102e+06 1.13987e+07 -1.38299e+08
5.73547 3.26892e+06 2.28224e+06 1.14074e+07 -1.38684e+08
5.73747 3.28058e+06 2.29348e+06 1.14152e+07 -1.39077e+08
5.73948 3.29226e+06 2.30473e+06 1.14222e+07 -1.39478e+08
5.74148 3.30396e+06 2.316e+06 1.14285e+07 -1.39887e+08
5.74349 3.31568e+06 2.32728e+06 1.14339e+07 -1.40303e+08
5.74549 3.32742e+06 2.33856e+06 1.14385e+07 -1.40727e+08
5.74749 3.33919e+06 2.34986e+06 1.14422e+07 -1.4116e+08
5.7495 3.35098e+06 2.36116e+06 1.1445e+07 -1.416e+08
5.7515 3.36279e+06 2.37247e+06 1.14469e+07 -1.42048e+08
5.75351 3.37463e+06 2.38378e+06 1.1448e+07 -1.42505e+08
5.75551 3.38649e+06 2.3951e+06 1.14481e+07 -1.42969e+08
5.75752 3.39837e+06 2.40641e+06 1.14473e+07 -1.43442e+08
5.75952 3.41027e+06 2.41772e+06 1.14455e+07 -1.43923e+08
5.76152 3.4222e+06 2.42902e+06 1.14427e+07 -1.44412e+08
5.76353 3.43415e+06 2.44032e+06 1.1439e+07 -1.44909e+08
5.76553 3.44612e+06 2.45161e+06 1.14343e+07 -1.45415e+08
5.76754 3.45811e+06 2.46289e+06 1.14285e+07 -1.45929e+08
5.76954 3.47013e+06 2.47415e+06 1.14217e+07 -1.46452e+08
5.77154 3.48217e+06 2.4854e+06 1.14138e+07 -1.46983e+08
5.77355 3.49423e+06 2.49664e+06 1.14049e+07 -1.47522e+08
5.77555 3.50632e+06 2.50786e+06 1.13949e+07 -1.48071e+08
5.77756 3.51842e+06 2.51905e+06 1.13837e+07 -1.48627e+08
5.77956 3.53055e+06 2.53022e+06 1.13715e+07 -1.49193e+08
5.78156 3.5427e+06 2.54137e+06 1.13581e+07 -1.49767e+08
5.78357 3.55488e+06 2.55248e+06 1.13435e+07 -1.5035e+08
5.78557 3.56707e+06 2.56357e+06 1.13278e+07 -1.50941e+08
5.78758 3.57929e+06 2.57463e+06 1.13109e+07 -1.51542e+08
5.78958 3.59153e+06 2.58564e+06 1.12927e+07 -1.52151e+08
5.79158 3.60379e+06 2.59663e+06 1.12734e+07 -1.52769e+08
5.79359 3.61608e+06 2.60757e+06 1.12527e+07 -1.53397e+08
5.79559 3.62838e+06 2.61847e+06 1.12309e+07 -1.54033e+08
5.7976 3.64071e+06 2.62932e+06 1.12077e+07 -1.54679e+08
5.7996 3.65306e+06 2.64013e+06 1.11832e+07 -1.55333e+08
5.8016 3.66543e+06 2.65088e+06 1.11574e+07 -1.55997e+08
5.80361 3.67783e+06 2.66159e+06 1.11303e+07 -1.5667e+08
5.80561 3.69024e+06 2.67223e+06 1.11018e+07 -1.57352e+08
5.80762 3.70268e+06 2.68282e+06 1.10719e+07 -1.58044e+08
5.80962 3.71513e+06 2.69335e+06 1.10407e+07 -1.58745e+08
5.81162 3.72761e+06 2.70381e+06 1.1008e+07 -1.59455e+08
5.81363 3.74011e+06 2.71421e+06 1.09739e+07 -1.60175e+08
5.81563 3.75263e+06 2.72453e+06 1.09383e+07 -1.60904e+08
5.81764 3.76517e+06 2.73479e+06 1.09013e+07 -1.61643e+08
5.81964 3.77773e+06 2.74497e+06 1.08628e+07 -1.62392e+08
5.82164 3.79031e+06 2.75507e+06 1.08227e+07 -1.6315e+08
5.82365 3.80291e+06 2.76508e+06 1.07812e+07 -1.63919e+08
5.82565 3.81553e+06 2.77502e+06 1.07381e+07 -1.64696e+08
5.82766 3.82817e+06 2.78486e+06 1.06934e+07 -1.65484e+08
5.82966 3.84083e+06 2.79461e+06 1.06471e+07 -1.66282e+08
5.83166 3.85351e+06 2.80427e+06 1.05992e+07 -1.67089e+08
5.83367 3.86621e+06 2.81384e+06 1.05497e+07 -1.67907e+08
5.83567 3.87893e+06 2.8233e+06 1.04986e+07 -1.68735e+08
5.83768 3.89167e+06 2.83265e+06 1.04457e+07 -1.69572e+08
5.83968 3.90442e+06 2.8419e+06 1.03912e+07 -1.7042e+08
5.84168 3.9172e+06 2.85104e+06 1.0335e+07 -1.71279e+08
5.84369 3.92999e+06 2.86006e+06 1.02771e+07 -1.72147e+08
5.84569 3.9428e+06 2.86897e+06 1.02174e+07 -1.73026e+08
5.8477 3.95563e+06 2.87776e+06 1.01559e+07 -1.73915e+08
5.8497 3.96848e+06 2.88641e+06 1.00926e+07 -1.74815e+08
5.8517 3.98134e+06 2.89495e+06 1.00275e+07 -1.75725e+08
5.85371 3.99422e+06 2.90334e+06 9.96061e+06 -1.76646e+08
5.85571 4.00711e+06 2.91161e+06 9.89184e+06 -1.77577e+08
5.85772 4.02003e+06 2.91973e+06 9.82119e+06 -1.78519e+08
5.85972 4.03296e+06 2.92771e+06 9.74865e+06 -1.79472e+08
5.86172 4.0459e+06 2.93554e+06 9.67418e+06 -1.80436e+08
5.86373 4.05886e+06 2.94322e+06 9.59777e+06 -1.8141e+08
5.86573 4.07184e+06 2.95075e+06 9.5194e+06 -1.82396e+08
5.86774 4.08483e+06 2.95812e+06 9.43904e+06 -1.83392e+08
5.86974 4.09783e+06 2.96532e+06 9.35667e+06 -1.844e+08
5.87174 4.11085e+06 2.97236e+06 9.27227e+06 -1.85418e+08
5.87375 4.12389e+06 2.97922e+06 9.18582e+06 -1.86448e+08
5.87575 4.13693e+06 2.98591e+06 9.09729e+06 -1.87489e+08
5.87776 4.14999e+06 2.99242e+06 9.00667e+06 -1.88542e+08
5.87976 4.16307e+06 2.99875e+06 8.91393e+06 -1.89605e+08
5.88176 4.17615e+06 3.00489e+06 8.81904e+06 -1.90681e+08
5.88377 4.18925e+06 3.01084e+06 8.72199e+06 -1.91767e+08
5.88577 4.20236e+06 3.01659e+06 8.62275e+06 -1.92866e+08
5.88778 4.21548e+06 3.02213e+06 8.52129e+06 -1.93976e+08
5.88978 4.22861e+06 3.02748e+06 8.4176e+06 -1.95097e+08
5.89178 4.24175e+06 3.03261e+06 8.31165e+06 -1.96231e+08
5.89379 4.2549e+06 3.03753e+06 8.20342e+06 -1.97376e+08
5.89579 4.26807e+06 3.04223e+06 8.09288e+06 -1.98533e+08
5.8978 4.28124e+06 3.04671e+06 7.98001e+06 -1.99702e+08
5.8998 4.29442e+06 3.05095e+06 7.86478e+06 -2.00883e+08
5.9018 4.3076e+06 3.05497e+06 7.74717e+06 -2.02076e+08
5.90381 4.3208e+06 3.05874e+06 7.62717e+06 -2.03282e+08
5.90581 4.334e+06 3.06227e+06 7.50473e+06 -2.04499e+08
5.90782 4.34721e+06 3.06556e+06 7.37984e+06 -2.05729e+08
5.90982 4.36043e+06 3.06859e+06 7.25247e+06 -2.06972e+08
5.91182 4.37365e+06 3.07137e+06 7.1226e+06 -2.08227e+08
5.91383 4.38688e+06 3.07388e+06 6.99021e+06 -2.09494e+08
5.91583 4.40011e+06 3.07612e+06 6.85526e+06 -2.10774e+08
5.91784 4.41335e+06 3.07809e+06 6.71773e+06 -2.12067e+08
5.91984 4.42659e+06 3.07979e+06 6.5776e+06 -2.13373e+08
5.92184 4.43983e+06 3.08119e+06 6.43484e+06 -2.14691e+08
5.92385 4.45308e+06 3.08231e+06 6.28943e+06 -2.16022e+08
5.92585 4.46632e+06 3.08314e+06 6.14133e+06 -2.17367e+08
5.92786 4.47957e+06 3.08367e+06 5.99053e+06 -2.18724e+08
5.92986 4.49282e+06 3.08389e+06 5.83699e+06 -2.20095e+08
5.93186 4.50607e+06 3.0838e+06 5.6807e+06 -2.21478e+08
5.93387 4.51932e+06 3.0834e+06 5.52162e+06 -2.22876e+08
5.93587 4.53257e+06 3.08267e+06 5.35972e+06 -2.24286e+08
5.93788 4.54582e+06 3.08162e+06 5.19498e+06 -2.2571e+08
5.93988 4.55906e+06 3.08023e+06 5.02738e+06 -2.27148e+08
5.94188 4.5723e+06 3.07851e+06 4.85688e+06 -2.28599e+08
5.94389 4.58554e+06 3.07644e+06 4.68346e+06 -2.30064e+08
5.94589 4.59877e+06 3.07401e+06 4.50709e+06 -2.31542e+08
5.9479 4.612e+06 3.07124e+06 4.32775e+06 -2.33035e+08
5.9499 4.62522e+06 3.0681e+06 4.1454e+06 -2.34542e+08
5.9519 4.63844e+06 3.06459e+06 3.96001e+06 -2.36062e+08
5.95391 4.65164e+06 3.06071e+06 3.77156e+06 -2.37597e+08
5.95591 4.66484e+06 3.05645e+06 3.58003e+06 -2.39146e+08
5.95792 4.67803e+06 3.0518e+06 3.38537e+06 -2.4071e+08
5.95992 4.69121e+06 3.04675e+06 3.18757e+06 -2.42288e+08
5.96192 4.70438e+06 3.04131e+06 2.98659e+06 -2.4388e+08
5.96393 4.71754e+06 3.03546e+06 2.7824e+06 -2.45487e+08
5.96593 4.73069e+06 3.0292e+06 2.57498e+06 -2.47109e+08
5.96794 4.74382e+06 3.02252e+06 2.3643e+06 -2.48745e+08
5.96994 4.75694e+06 3.01541e+06 2.15032e+06 -2.50397e+08
5.97194 4.77005e+06 3.00788e+06 1.93301e+06 -2.52063e+08
5.97395 4.78314e+06 2.9999e+06 1.71235e+06 -2.53744e+08
5.97595 4.79621e+06 2.99148e+06 1.48831e+06 -2.55441e+08
5.97796 4.80927e+06 2.9826e+06 1.26085e+06 -2.57153e+08
5.97996 4.82231e+06 2.97327e+06 1.02995e+06 -2.5888e+08
5.98196 4.83532e+06 2.96347e+06 795567 -2.60622e+08
5.98397 4.84832e+06 2.9532e+06 557678 -2.6238e+08
5.98597 4.8613e+06 2.94244e+06 316251 -2.64154e+08
5.98798 4.87425e+06 2.9312e+06 71252.9 -2.65944e+08
5.98998 4.88719e+06 2.91947e+06 -177347 -2.67749e+08
5.99198 4.9001e+06 2.90723e+06 -429581 -2.69571e+08
5.99399 4.91298e+06 2.89448e+06 -685481 -2.71408e+08
5.99599 4.92584e+06 2.88122e+06 -945080 -2.73262e+08
5.998 4.93867e+06 2.86743e+06 -1.20841e+06 -2.75131e+08
6 4.95147e+06 2.85311e+06 -1.4755e+06 -2.77018e+08
