5.1 6879.38
5.10015 6879.85
5.1003 6880.32
5.10045 6880.79
5.1006 6881.27
5.10075 6881.74
5.1009 6882.21
5.10105 6882.69
5.1012 6883.16
5.10135 6883.64
5.1015 6884.11
5.10165 6884.58
5.1018 6885.06
5.10195 6885.53
5.1021 6886.01
5.10225 6886.48
5.1024 6886.95
5.10255 6887.43
5.1027 6887.9
5.10285 6888.38
5.103 6888.85
5.10315 6889.32
5.1033 6889.8
5.10345 6890.27
5.1036 6890.75
5.10375 6891.22
5.1039 6891.69
5.10405 6892.17
5.1042 6892.64
5.10435 6893.11
5.1045 6893.59
5.10465 6894.06
5.1048 6894.53
5.10495 6895
5.1051 6895.48
5.10525 6895.95
5.1054 6896.42
5.10555 6896.89
5.1057 6897.37
5.10585 6897.84
5.106 6898.31
5.10615 6898.78
5.1063 6899.25
5.10645 6899.72
5.1066 6900.19
5.10675 6900.66
5.1069 6901.13
5.10705 6901.6
5.1072 6902.07
5.10735 6902.54
5.1075 6903.01
5.10765 6903.48
5.1078 6903.95
5.10795 6904.41
5.1081 6904.88
5.10825 6905.35
5.1084 6905.81
5.10855 6906.28
5.1087 6906.75
5.10885 6907.21
5.109 6907.68
5.10915 6908.14
5.1093 6908.61
5.10945 6909.07
5.1096 6909.53
5.10975 6910
5.1099 6910.46
5.11005 6910.92
5.1102 6911.38
5.11035 6911.84
5.1105 6912.3
5.11065 6912.76
5.1108 6913.22
5.11095 6913.68
5.1111 6914.14
5.11125 7014.56
5.1114 7015.54
5.11155 7016.53
5.1117 7017.52
5.11185 7018.51
5.112 7019.5
5.11215 7020.5
5.1123 7021.49
5.11245 7022.49
5.1126 7023.49
5.11275 7024.49
5.1129 7025.49
5.11305 7026.49
5.1132 7027.5
5.11335 7028.5
5.1135 7029.51
5.11365 7030.52
5.1138 7031.53
5.11395 7032.54
5.1141 7033.55
5.11425 7034.57
5.1144 7035.58
5.11455 7036.6
5.1147 7037.62
5.11485 7038.64
5.115 7039.66
5.11515 7040.68
5.1153 7041.71
5.11545 7042.73
5.1156 7043.76
5.11575 7044.79
5.1159 7045.82
5.11605 7046.85
5.1162 7047.88
5.11635 7048.92
5.1165 7049.95
5.11665 7050.99
5.1168 7052.03
5.11695 7053.07
5.1171 7054.11
5.11725 7055.15
5.1174 7056.19
5.11755 7057.24
5.1177 7058.28
5.11785 7059.33
5.118 7060.38
5.11815 7061.43
5.1183 7062.48
5.11845 7063.53
5.1186 7064.59
5.11875 7065.64
5.1189 7066.7
5.11905 7067.76
5.1192 7068.82
5.11935 7069.88
5.1195 7070.94
5.11965 7072
5.1198 7073.07
5.11995 7074.13
5.12011 7075.2
5.12026 7076.27
5.12041 7077.34
5.12056 7078.41
5.12071 7079.48
5.12086 7080.55
5.12101 7081.63
5.12116 7082.7
5.12131 7083.78
5.12146 7084.86
5.12161 7085.94
5.12176 7087.02
5.12191 7088.1
5.12206 7089.18
5.12221 7090.27
5.12236 7091.35
5.12251 7092.44
5.12266 7093.53
5.12281 7094.62
5.12296 7095.71
5.12311 7096.8
5.12326 7097.89
5.12341 7098.98
5.12356 7100.08
5.12371 7101.17
5.12386 7102.27
5.12401 7103.37
5.12416 7104.47
5.12431 7105.57
5.12446 7106.67
5.12461 7107.77
5.12476 7108.88
5.12491 7109.98
5.12506 7111.09
5.12521 7112.2
5.12536 7113.31
5.12551 7114.42
5.12566 7115.53
5.12581 7116.64
5.12596 7117.75
5.12611 7118.87
5.12626 7119.98
5.12641 7121.1
5.12656 7122.21
5.12671 7123.33
5.12686 7124.45
5.12701 7125.57
5.12716 7126.69
5.12731 7127.82
5.12746 7128.94
5.12761 7130.07
5.12776 7131.19
5.12791 7132.32
5.12806 7133.45
5.12821 7134.58
5.12836 7135.71
5.12851 7136.84
5.12866 7137.97
5.12881 7139.1
5.12896 7140.24
5.12911 7141.37
5.12926 7142.51
5.12941 7143.65
5.12956 7144.78
5.12971 7145.92
5.12986 7147.06
5.13001 7148.2
5.13016 7149.35
5.13031 7150.49
5.13046 7151.63
5.13061 7152.78
5.13076 7153.93
5.13091 7155.07
5.13106 7156.22
5.13121 7157.37
5.13136 7158.52
5.13151 7159.67
5.13166 7160.82
5.13181 7161.98
5.13196 7163.13
5.13211 7164.28
5.13226 7165.44
5.13241 7166.6
5.13256 7167.75
5.13271 7168.91
5.13286 7170.07
5.13301 7171.23
5.13316 7172.39
5.13331 7173.55
5.13346 7174.72
5.13361 7175.88
5.13376 7177.05
5.13391 7178.21
5.13406 7179.38
5.13421 7180.54
5.13436 7181.71
5.13451 7182.88
5.13466 7184.05
5.13481 7185.22
5.13496 7186.39
5.13511 7187.57
5.13526 7188.74
5.13541 7189.91
5.13556 7191.09
5.13571 7192.26
5.13586 7193.44
5.13601 7194.62
5.13616 7195.8
5.13631 7196.98
5.13646 7198.16
5.13661 7199.34
5.13676 7200.52
5.13691 7201.7
5.13706 7202.88
5.13721 7204.07
5.13736 7205.25
5.13751 7206.44
5.13766 7207.62
5.13781 7208.81
5.13796 7210
5.13811 7211.19
5.13826 7212.38
5.13841 7213.57
5.13856 7214.76
5.13871 7215.95
5.13886 7217.14
5.13901 7218.33
5.13916 7219.53
5.13931 7220.72
5.13946 7221.92
5.13961 7223.11
5.13976 7224.31
5.13991 7225.51
5.14006 7226.7
5.14021 7227.9
5.14036 7229.1
5.14051 7230.3
5.14066 7231.5
5.14081 7232.71
5.14096 7233.91
5.14111 7235.11
5.14126 7236.31
5.14141 7237.52
5.14156 7238.72
5.14171 7239.93
5.14186 7241.14
5.14201 7242.34
5.14216 7243.55
5.14231 7244.76
5.14246 7245.97
5.14261 7247.18
5.14276 7248.39
5.14291 7249.6
5.14306 7250.81
5.14321 7252.02
5.14336 7253.23
5.14351 7254.45
5.14366 7255.66
5.14381 7256.87
5.14396 7258.09
5.14411 7259.31
5.14426 7260.52
5.14441 7261.74
5.14456 7262.96
5.14471 7264.17
5.14486 7265.39
5.14501 7266.61
5.14516 7267.83
5.14531 7269.05
5.14546 7270.27
5.14561 7271.49
5.14576 7272.72
5.14591 7273.94
5.14606 7275.16
5.14621 7276.39
5.14636 7277.61
5.14651 7278.83
5.14666 7280.06
5.14681 7281.29
5.14696 7282.51
5.14711 7283.74
5.14726 7284.97
5.14741 7286.19
5.14756 7287.42
5.14771 7288.65
5.14786 7289.88
5.14801 7291.11
5.14816 7292.34
5.14831 7293.57
5.14846 7294.8
5.14861 7296.03
5.14876 7297.26
5.14891 7298.5
5.14906 7299.73
5.14921 7300.96
5.14936 7302.2
5.14951 7303.43
5.14966 7304.67
5.14981 7305.9
5.14996 7307.14
5.15011 7308.37
5.15026 7309.61
5.15041 7310.85
5.15056 7312.09
5.15071 7313.32
5.15086 7314.56
5.15101 7315.8
5.15116 7317.04
5.15131 7318.28
5.15146 7319.52
5.15161 7320.76
5.15176 7322
5.15191 7323.24
5.15206 7324.48
5.15221 7325.72
5.15236 7326.97
5.15251 7328.21
5.15266 7329.45
5.15281 7330.69
5.15296 7331.94
5.15311 7333.18
5.15326 7334.43
5.15341 7335.67
5.15356 7336.92
5.15371 7338.16
5.15386 7339.41
5.15401 7340.65
5.15416 7341.9
5.15431 7343.14
5.15446 7344.39
5.15461 7345.64
5.15476 7346.89
5.15491 7348.13
5.15506 7349.38
5.15521 7350.63
5.15536 7351.88
5.15551 7353.13
5.15566 7354.38
5.15581 7355.63
5.15596 7356.88
5.15611 7358.13
5.15626 7359.38
5.15641 7360.63
5.15656 7361.88
5.15671 7363.13
5.15686 7364.38
5.15701 7365.63
5.15716 7366.88
5.15731 7368.13
5.15746 7369.39
5.15761 7370.64
5.15776 7371.89
5.15791 7373.14
5.15806 7374.4
5.15821 7375.65
5.15836 7376.9
5.15851 7378.16
5.15866 7379.41
5.15881 7380.66
5.15896 7381.92
5.15911 7383.17
5.15926 7384.43
5.15941 7385.68
5.15956 7386.94
5.15971 7388.19
5.15986 7389.45
5.16002 7390.7
5.16017 7391.96
5.16032 7393.21
5.16047 7394.47
5.16062 7395.72
5.16077 7396.98
5.16092 7398.24
5.16107 7399.49
5.16122 7400.75
5.16137 7402.01
5.16152 7403.26
5.16167 7404.52
5.16182 7405.78
5.16197 7407.03
5.16212 7408.29
5.16227 7409.55
5.16242 7410.8
5.16257 7412.06
5.16272 7413.32
5.16287 7414.58
5.16302 7415.83
5.16317 7417.09
5.16332 7418.35
5.16347 7419.61
5.16362 7420.86
5.16377 7422.12
5.16392 7423.38
5.16407 7424.64
5.16422 7425.9
5.16437 7427.15
5.16452 7428.41
5.16467 7429.67
5.16482 7430.93
5.16497 7432.19
5.16512 7433.44
5.16527 7434.7
5.16542 7435.96
5.16557 7437.22
5.16572 7438.48
5.16587 7439.73
5.16602 7440.99
5.16617 7442.25
5.16632 7443.51
5.16647 7444.77
5.16662 7446.03
5.16677 7447.28
5.16692 7448.54
5.16707 7449.8
5.16722 7451.06
5.16737 7452.31
5.16752 7453.57
5.16767 7454.83
5.16782 7456.09
5.16797 7457.34
5.16812 7458.6
5.16827 7459.86
5.16842 7461.12
5.16857 7462.37
5.16872 7463.63
5.16887 7464.89
5.16902 7466.14
5.16917 7467.4
5.16932 7468.66
5.16947 7469.92
5.16962 7471.17
5.16977 7472.43
5.16992 7473.68
5.17007 7474.94
5.17022 7476.2
5.17037 7477.45
5.17052 7478.71
5.17067 7479.96
5.17082 7481.22
5.17097 7482.47
5.17112 7483.73
5.17127 7484.98
5.17142 7486.24
5.17157 7487.49
5.17172 7488.75
5.17187 7490
5.17202 7491.26
5.17217 7492.51
5.17232 7493.76
5.17247 7495.02
5.17262 7496.27
5.17277 7497.52
5.17292 7498.78
5.17307 7500.03
5.17322 7501.28
5.17337 7502.53
5.17352 7503.79
5.17367 7505.04
5.17382 7506.29
5.17397 7507.54
5.17412 7508.79
5.17427 7510.04
5.17442 7511.29
5.17457 7512.54
5.17472 7513.8
5.17487 7515.04
5.17502 7516.29
5.17517 7517.54
5.17532 7518.79
5.17547 7520.04
5.17562 7521.29
5.17577 7522.54
5.17592 7523.79
5.17607 7525.03
5.17622 7526.28
5.17637 7527.53
5.17652 7528.78
5.17667 7530.02
5.17682 7531.27
5.17697 7532.51
5.17712 7533.76
5.17727 7535
5.17742 7536.25
5.17757 7537.49
5.17772 7538.74
5.17787 7539.98
5.17802 7541.23
5.17817 7542.47
5.17832 7543.71
5.17847 7544.95
5.17862 7546.2
5.17877 7547.44
5.17892 7548.68
5.17907 7549.92
5.17922 7551.16
5.17937 7552.4
5.17952 7553.64
5.17967 7554.88
5.17982 7556.12
5.17997 7557.36
5.18012 7558.6
5.18027 7559.83
5.18042 7561.07
5.18057 7562.31
5.18072 7563.54
5.18087 7564.78
5.18102 7566.02
5.18117 7567.25
5.18132 7568.49
5.18147 7569.72
5.18162 7570.95
5.18177 7572.19
5.18192 7573.42
5.18207 7574.65
5.18222 7575.88
5.18237 7577.12
5.18252 7578.35
5.18267 7579.58
5.18282 7580.81
5.18297 7582.04
5.18312 7583.27
5.18327 7584.5
5.18342 7585.72
5.18357 7586.95
5.18372 7588.18
5.18387 7589.41
5.18402 7590.63
5.18417 7591.86
5.18432 7593.08
5.18447 7594.31
5.18462 7595.53
5.18477 7596.75
5.18492 7597.98
5.18507 7599.2
5.18522 7600.42
5.18537 7601.64
5.18552 7602.86
5.18567 7604.08
5.18582 7605.3
5.18597 7606.52
5.18612 7607.74
5.18627 7608.96
5.18642 7610.18
5.18657 7611.39
5.18672 7612.61
5.18687 7613.83
5.18702 7615.04
5.18717 7616.25
5.18732 7617.47
5.18747 7618.68
5.18762 7619.89
5.18777 7621.11
5.18792 7622.32
5.18807 7623.53
5.18822 7624.74
5.18837 7625.95
5.18852 7627.16
5.18867 7628.36
5.18882 7629.57
5.18897 7630.78
5.18912 7631.98
5.18927 7633.19
5.18942 7634.4
5.18957 7635.6
5.18972 7636.8
5.18987 7638.01
5.19002 7639.21
5.19017 7640.41
5.19032 7641.61
5.19047 7642.81
5.19062 7644.01
5.19077 7645.21
5.19092 7646.41
5.19107 7647.6
5.19122 7648.8
5.19137 7650
5.19152 7651.19
5.19167 7652.39
5.19182 7653.58
5.19197 7654.77
5.19212 7655.96
5.19227 7657.16
5.19242 7658.35
5.19257 7659.54
5.19272 7660.73
5.19287 7661.91
5.19302 7663.1
5.19317 7664.29
5.19332 7665.47
5.19347 7666.66
5.19362 7667.84
5.19377 7669.03
5.19392 7670.21
5.19407 7671.39
5.19422 7672.57
5.19437 7673.75
5.19452 7674.93
5.19467 7676.11
5.19482 7677.29
5.19497 7678.47
5.19512 7679.65
5.19527 7680.82
5.19542 7682
5.19557 7683.17
5.19572 7684.34
5.19587 7685.52
5.19602 7686.69
5.19617 7687.86
5.19632 7689.03
5.19647 7690.2
5.19662 7691.36
5.19677 7692.53
5.19692 7693.7
5.19707 7694.86
5.19722 7696.03
5.19737 7697.19
5.19752 7698.35
5.19767 7699.52
5.19782 7700.68
5.19797 7701.84
5.19812 7703
5.19827 7704.15
5.19842 7705.31
5.19857 7706.47
5.19872 7707.62
5.19887 7708.78
5.19902 7709.93
5.19917 7711.08
5.19932 7712.24
5.19947 7713.39
5.19962 7714.54
5.19977 7715.68
5.19992 7716.83
5.20008 7717.98
5.20023 7719.13
5.20038 7720.27
5.20053 7721.41
5.20068 7722.56
5.20083 7723.7
5.20098 7724.84
5.20113 7725.98
5.20128 7727.12
5.20143 7728.26
5.20158 7729.4
5.20173 7730.53
5.20188 7731.67
5.20203 7732.8
5.20218 7733.93
5.20233 7735.07
5.20248 7736.2
5.20263 7737.33
5.20278 7738.46
5.20293 7739.58
5.20308 7740.71
5.20323 7741.84
5.20338 7742.96
5.20353 7744.08
5.20368 7745.21
5.20383 7746.33
5.20398 7747.45
5.20413 7748.57
5.20428 7749.69
5.20443 7750.8
5.20458 7751.92
5.20473 7753.03
5.20488 7754.15
5.20503 7755.26
5.20518 7756.37
5.20533 7757.48
5.20548 7758.59
5.20563 7759.7
5.20578 7760.81
5.20593 7761.92
5.20608 7763.02
5.20623 7764.12
5.20638 7765.23
5.20653 7766.33
5.20668 7767.43
5.20683 7768.53
5.20698 7769.63
5.20713 7770.72
5.20728 7771.82
5.20743 7772.91
5.20758 7774.01
5.20773 7775.1
5.20788 7776.19
5.20803 7777.28
5.20818 7778.37
5.20833 7779.46
5.20848 7780.54
5.20863 7781.63
5.20878 7782.71
5.20893 7783.8
5.20908 7784.88
5.20923 7785.96
5.20938 7787.04
5.20953 7788.11
5.20968 7789.19
5.20983 7790.27
5.20998 7791.34
5.21013 7792.41
5.21028 7793.49
5.21043 7794.56
5.21058 7795.63
5.21073 7796.69
5.21088 7797.76
5.21103 7798.83
5.21118 7799.89
5.21133 7800.95
5.21148 7802.01
5.21163 7803.07
5.21178 7804.13
5.21193 7805.19
5.21208 7806.25
5.21223 7807.3
5.21238 7808.36
5.21253 7809.41
5.21268 7810.46
5.21283 7811.51
5.21298 7812.56
5.21313 7813.61
5.21328 7814.65
5.21343 7815.7
5.21358 7816.74
5.21373 7817.78
5.21388 7818.82
5.21403 7819.86
5.21418 7820.9
5.21433 7821.94
5.21448 7822.97
5.21463 7824
5.21478 7825.04
5.21493 7826.07
5.21508 7827.1
5.21523 7828.13
5.21538 7829.15
5.21553 7830.18
5.21568 7831.2
5.21583 7832.23
5.21598 7833.25
5.21613 7834.27
5.21628 7835.28
5.21643 7836.3
5.21658 7837.32
5.21673 7838.33
5.21688 7839.34
5.21703 7840.36
5.21718 7841.37
5.21733 7842.37
5.21748 7843.38
5.21763 7844.39
5.21778 7845.39
5.21793 7846.39
5.21808 7847.39
5.21823 7848.39
5.21838 7849.39
5.21853 7850.39
5.21868 7851.38
5.21883 7852.38
5.21898 7853.37
5.21913 7854.36
5.21928 7855.35
5.21943 7856.34
5.21958 7857.32
5.21973 7858.31
5.21988 7859.29
5.22003 7860.27
5.22018 7861.25
5.22033 7862.23
5.22048 7863.21
5.22063 7864.19
5.22078 7865.16
5.22093 7866.13
5.22108 7867.1
5.22123 7868.07
5.22138 7869.04
5.22153 7870.01
5.22168 7870.97
5.22183 7871.94
5.22198 7872.9
5.22213 7873.86
5.22228 7936.74
5.22243 7938.02
5.22258 7939.31
5.22273 7940.59
5.22288 7941.87
5.22303 7943.15
5.22318 7944.43
5.22333 7945.71
5.22348 7947
5.22363 7948.28
5.22378 7949.56
5.22393 7950.84
5.22408 7952.12
5.22423 7953.39
5.22438 7954.67
5.22453 7955.95
5.22468 7957.23
5.22483 7958.51
5.22498 7959.79
5.22513 7961.06
5.22528 7962.34
5.22543 7963.62
5.22558 7964.89
5.22573 7966.17
5.22588 7967.44
5.22603 7968.72
5.22618 7969.99
5.22633 7971.27
5.22648 7972.54
5.22663 7973.82
5.22678 7975.09
5.22693 7976.36
5.22708 7977.63
5.22723 7978.91
5.22738 7980.18
5.22753 7981.45
5.22768 7982.72
5.22783 7983.99
5.22798 7985.26
5.22813 7986.53
5.22828 7987.8
5.22843 7989.07
5.22858 7990.34
5.22873 7991.61
5.22888 7992.88
5.22903 7994.14
5.22918 7995.41
5.22933 7996.68
5.22948 7997.95
5.22963 7999.21
5.22978 8000.48
5.22993 8001.74
5.23008 8003.01
5.23023 8004.27
5.23038 8005.54
5.23053 8006.8
5.23068 8008.07
5.23083 8009.33
5.23098 8010.59
5.23113 8011.85
5.23128 8013.12
5.23143 8014.38
5.23158 8015.64
5.23173 8016.9
5.23188 8018.16
5.23203 8019.42
5.23218 8020.68
5.23233 8021.94
5.23248 8023.2
5.23263 8024.46
5.23278 8025.72
5.23293 8026.97
5.23308 8028.23
5.23323 8029.49
5.23338 8030.74
5.23353 8032
5.23368 8033.26
5.23383 8034.51
5.23398 8035.77
5.23413 8037.02
5.23428 8038.28
5.23443 8039.53
5.23458 8040.78
5.23473 8042.04
5.23488 8043.29
5.23503 8044.54
5.23518 8045.79
5.23533 8047.04
5.23548 8048.29
5.23563 8049.54
5.23578 8050.79
5.23593 8052.04
5.23608 8053.29
5.23623 8054.54
5.23638 8055.79
5.23653 8057.04
5.23668 8058.29
5.23683 8059.53
5.23698 8060.78
5.23713 8062.03
5.23728 8063.27
5.23743 8064.52
5.23758 8065.76
5.23773 8067.01
5.23788 8068.25
5.23803 8069.49
5.23818 8070.74
5.23833 8071.98
5.23848 8073.22
5.23863 8074.46
5.23878 8075.7
5.23893 8076.94
5.23908 8078.19
5.23923 8079.43
5.23938 8080.67
5.23953 8081.9
5.23968 8083.14
5.23983 8084.38
5.23998 8085.62
5.24014 8086.86
5.24029 8088.09
5.24044 8089.33
5.24059 8090.57
5.24074 8091.8
5.24089 8093.04
5.24104 8094.27
5.24119 8095.5
5.24134 8096.74
5.24149 8097.97
5.24164 8099.2
5.24179 8100.44
5.24194 8101.67
5.24209 8102.9
5.24224 8104.13
5.24239 8105.36
5.24254 8106.59
5.24269 8107.82
5.24284 8109.05
5.24299 8110.28
5.24314 8111.51
5.24329 8112.73
5.24344 8113.96
5.24359 8115.19
5.24374 8116.41
5.24389 8117.64
5.24404 8118.86
5.24419 8120.09
5.24434 8121.31
5.24449 8122.54
5.24464 8123.76
5.24479 8124.98
5.24494 8126.21
5.24509 8127.43
5.24524 8128.65
5.24539 8129.87
5.24554 8131.09
5.24569 8132.31
5.24584 8133.53
5.24599 8134.75
5.24614 8135.97
5.24629 8137.18
5.24644 8138.4
5.24659 8139.62
5.24674 8140.84
5.24689 8142.05
5.24704 8143.27
5.24719 8144.48
5.24734 8145.7
5.24749 8146.91
5.24764 8148.12
5.24779 8149.34
5.24794 8150.55
5.24809 8151.76
5.24824 8152.97
5.24839 8154.18
5.24854 8155.39
5.24869 8156.6
5.24884 8157.81
5.24899 8159.02
5.24914 8160.23
5.24929 8161.44
5.24944 8162.64
5.24959 8163.85
5.24974 8165.06
5.24989 8166.26
5.25004 8167.47
5.25019 8168.67
5.25034 8169.88
5.25049 8171.08
5.25064 8172.28
5.25079 8173.49
5.25094 8174.69
5.25109 8175.89
5.25124 8177.09
5.25139 8178.29
5.25154 8179.49
5.25169 8180.69
5.25184 8181.89
5.25199 8183.09
5.25214 8184.28
5.25229 8185.48
5.25244 8186.68
5.25259 8187.87
5.25274 8189.07
5.25289 8190.27
5.25304 8191.46
5.25319 8192.65
5.25334 8193.85
5.25349 8195.04
5.25364 8196.23
5.25379 8197.42
5.25394 8198.61
5.25409 8199.81
5.25424 8201
5.25439 8202.19
5.25454 8203.37
5.25469 8204.56
5.25484 8205.75
5.25499 8206.94
5.25514 8208.12
5.25529 8209.31
5.25544 8210.5
5.25559 8211.68
5.25574 8212.87
5.25589 8214.05
5.25604 8215.23
5.25619 8216.42
5.25634 8217.6
5.25649 8218.78
5.25664 8219.96
5.25679 8221.14
5.25694 8222.32
5.25709 8223.5
5.25724 8224.68
5.25739 8225.86
5.25754 8227.04
5.25769 8228.21
5.25784 8229.39
5.25799 8230.56
5.25814 8231.74
5.25829 8232.91
5.25844 8234.09
5.25859 8235.26
5.25874 8236.44
5.25889 8237.61
5.25904 8238.78
5.25919 8239.95
5.25934 8241.12
5.25949 8242.29
5.25964 8243.46
5.25979 8244.63
5.25994 8245.8
5.26009 8246.97
5.26024 8248.13
5.26039 8249.3
5.26054 8250.46
5.26069 8251.63
5.26084 8252.79
5.26099 8253.96
5.26114 8255.12
5.26129 8256.29
5.26144 8257.45
5.26159 8258.61
5.26174 8259.77
5.26189 8260.93
5.26204 8262.09
5.26219 8263.25
5.26234 8264.41
5.26249 8265.57
5.26264 8266.72
5.26279 8267.88
5.26294 8269.04
5.26309 8270.19
5.26324 8271.35
5.26339 8272.5
5.26354 8273.66
5.26369 8274.81
5.26384 8275.96
5.26399 8277.11
5.26414 8278.26
5.26429 8279.41
5.26444 8280.56
5.26459 8281.71
5.26474 8282.86
5.26489 8284.01
5.26504 8285.16
5.26519 8286.3
5.26534 8287.45
5.26549 8288.6
5.26564 8289.74
5.26579 8290.89
5.26594 8292.03
5.26609 8293.17
5.26624 8294.31
5.26639 8295.46
5.26654 8296.6
5.26669 8297.74
5.26684 8298.88
5.26699 8300.02
5.26714 8301.15
5.26729 8302.29
5.26744 8303.43
5.26759 8304.57
5.26774 8305.7
5.26789 8306.84
5.26804 8307.97
5.26819 8309.11
5.26834 8310.24
5.26849 8311.37
5.26864 8312.5
5.26879 8313.63
5.26894 8314.77
5.26909 8315.9
5.26924 8317.02
5.26939 8318.15
5.26954 8319.28
5.26969 8320.41
5.26984 8321.54
5.26999 8322.66
5.27014 8323.79
5.27029 8324.91
5.27044 8326.04
5.27059 8327.16
5.27074 8328.28
5.27089 8329.4
5.27104 8330.52
5.27119 8331.65
5.27134 8332.77
5.27149 8333.88
5.27164 8335
5.27179 8336.12
5.27194 8337.24
5.27209 8338.35
5.27224 8339.47
5.27239 8340.59
5.27254 8341.7
5.27269 8342.81
5.27284 8343.93
5.27299 8345.04
5.27314 8346.15
5.27329 8347.26
5.27344 8348.37
5.27359 8349.48
5.27374 8350.59
5.27389 8351.7
5.27404 8352.81
5.27419 8353.91
5.27434 8355.02
5.27449 8356.13
5.27464 8357.23
5.27479 8358.33
5.27494 8359.44
5.27509 8360.54
5.27524 8361.64
5.27539 8362.74
5.27554 8363.84
5.27569 8364.94
5.27584 8366.04
5.27599 8367.14
5.27614 8368.24
5.27629 8369.34
5.27644 8370.43
5.27659 8371.53
5.27674 8372.62
5.27689 8373.72
5.27704 8374.81
5.27719 8375.9
5.27734 8377
5.27749 8378.09
5.27764 8379.18
5.27779 8380.27
5.27794 8381.36
5.27809 8382.45
5.27824 8383.53
5.27839 8384.62
5.27854 8385.71
5.27869 8386.79
5.27884 8387.88
5.27899 8388.96
5.27914 8390.04
5.27929 8391.13
5.27944 8392.21
5.27959 8393.29
5.27974 8394.37
5.27989 8395.45
5.28005 8396.53
5.2802 8397.61
5.28035 8398.68
5.2805 8399.76
5.28065 8400.84
5.2808 8401.91
5.28095 8402.99
5.2811 8404.06
5.28125 8405.13
5.2814 8406.2
5.28155 8407.28
5.2817 8408.35
5.28185 8409.42
5.282 8410.49
5.28215 8411.55
5.2823 8412.62
5.28245 8413.69
5.2826 8414.75
5.28275 8415.82
5.2829 8416.88
5.28305 8417.95
5.2832 8419.01
5.28335 8420.07
5.2835 8421.14
5.28365 8422.2
5.2838 8423.26
5.28395 8424.32
5.2841 8425.37
5.28425 8426.43
5.2844 8427.49
5.28455 8428.55
5.2847 8429.6
5.28485 8430.66
5.285 8431.71
5.28515 8432.76
5.2853 8433.81
5.28545 8434.87
5.2856 8435.92
5.28575 8436.97
5.2859 8438.02
5.28605 8439.06
5.2862 8440.11
5.28635 8441.16
5.2865 8442.21
5.28665 8443.25
5.2868 8444.3
5.28695 8445.34
5.2871 8446.38
5.28725 8447.42
5.2874 8448.47
5.28755 8449.51
5.2877 8450.55
5.28785 8451.58
5.288 8452.62
5.28815 8453.66
5.2883 8454.7
5.28845 8455.73
5.2886 8456.77
5.28875 8457.8
5.2889 8458.84
5.28905 8459.87
5.2892 8460.9
5.28935 8461.93
5.2895 8462.96
5.28965 8463.99
5.2898 8465.02
5.28995 8466.05
5.2901 8467.07
5.29025 8468.1
5.2904 8469.12
5.29055 8470.15
5.2907 8471.17
5.29085 8472.2
5.291 8473.22
5.29115 8474.24
5.2913 8475.26
5.29145 8476.28
5.2916 8477.3
5.29175 8478.32
5.2919 8479.33
5.29205 8480.35
5.2922 8481.36
5.29235 8482.38
5.2925 8483.39
5.29265 8484.41
5.2928 8485.42
5.29295 8486.43
5.2931 8487.44
5.29325 8488.45
5.2934 8489.46
5.29355 8490.47
5.2937 8491.47
5.29385 8492.48
5.294 8493.48
5.29415 8494.49
5.2943 8495.49
5.29445 8496.5
5.2946 8497.5
5.29475 8498.5
5.2949 8499.5
5.29505 8500.5
5.2952 8501.5
5.29535 8502.5
5.2955 8503.49
5.29565 8504.49
5.2958 8505.48
5.29595 8506.48
5.2961 8507.47
5.29625 8508.46
5.2964 8509.46
5.29655 8510.45
5.2967 8511.44
5.29685 8512.43
5.297 8513.42
5.29715 8514.4
5.2973 8515.39
5.29745 8516.38
5.2976 8517.36
5.29775 8518.34
5.2979 8519.33
5.29805 8520.31
5.2982 8521.29
5.29835 8522.27
5.2985 8523.25
5.29865 8524.23
5.2988 8525.21
5.29895 8526.19
5.2991 8527.16
5.29925 8528.14
5.2994 8529.11
5.29955 8530.09
5.2997 8531.06
5.29985 8532.03
5.3 8533
5.30015 8533.97
5.3003 8534.94
5.30045 8535.91
5.3006 8536.88
5.30075 8537.84
5.3009 8538.81
5.30105 8539.77
5.3012 8540.74
5.30135 8541.7
5.3015 8542.66
5.30165 8543.62
5.3018 8544.58
5.30195 8545.54
5.3021 8546.5
5.30225 8547.46
5.3024 8548.42
5.30255 8549.37
5.3027 8550.33
5.30285 8551.28
5.303 8552.23
5.30315 8553.19
5.3033 8554.14
5.30345 8555.09
5.3036 8556.04
5.30375 8556.99
5.3039 8557.93
5.30405 8558.88
5.3042 8559.83
5.30435 8560.77
5.3045 8561.72
5.30465 8562.66
5.3048 8563.6
5.30495 8564.54
5.3051 8565.48
5.30525 8566.42
5.3054 8567.36
5.30555 8568.3
5.3057 8569.23
5.30585 8570.17
5.306 8571.11
5.30615 8572.04
5.3063 8572.97
5.30645 8573.9
5.3066 8574.83
5.30675 8575.77
5.3069 8576.69
5.30705 8577.62
5.3072 8578.55
5.30735 8579.48
5.3075 8580.4
5.30765 8581.33
5.3078 8582.25
5.30795 8583.17
5.3081 8584.09
5.30825 8585.02
5.3084 8585.93
5.30855 8586.85
5.3087 8587.77
5.30885 8588.69
5.309 8589.6
5.30915 8590.52
5.3093 8591.43
5.30945 8592.35
5.3096 8593.26
5.30975 8594.17
5.3099 8595.08
5.31005 8595.99
5.3102 8596.9
5.31035 8597.81
5.3105 8598.71
5.31065 8599.62
5.3108 8600.52
5.31095 8601.43
5.3111 8602.33
5.31125 8603.23
5.3114 8604.13
5.31155 8605.03
5.3117 8605.93
5.31185 8606.83
5.312 8607.73
5.31215 8608.62
5.3123 8609.52
5.31245 8610.41
5.3126 8611.3
5.31275 8612.2
5.3129 8613.09
5.31305 8613.98
5.3132 8614.87
5.31335 8615.75
5.3135 8616.64
5.31365 8617.53
5.3138 8618.41
5.31395 8619.3
5.3141 8620.18
5.31425 8621.06
5.3144 8621.94
5.31455 8622.82
5.3147 8623.7
5.31485 8624.58
5.315 8625.46
5.31515 8626.33
5.3153 8627.21
5.31545 8628.08
5.3156 8628.96
5.31575 8629.83
5.3159 8630.7
5.31605 8631.57
5.3162 8632.44
5.31635 8633.31
5.3165 8634.18
5.31665 8635.04
5.3168 8635.91
5.31695 8636.77
5.3171 8637.63
5.31725 8638.5
5.3174 8639.36
5.31755 8640.22
5.3177 8641.08
5.31785 8641.94
5.318 8642.79
5.31815 8643.65
5.3183 8644.5
5.31845 8645.36
5.3186 8646.21
5.31875 8647.06
5.3189 8647.92
5.31905 8648.77
5.3192 8649.61
5.31935 8650.46
5.3195 8651.31
5.31965 8652.16
5.3198 8653
5.31995 8653.84
5.32011 8654.69
5.32026 8655.53
5.32041 8656.37
5.32056 8657.21
5.32071 8658.05
5.32086 8658.89
5.32101 8659.72
5.32116 8660.56
5.32131 8661.39
5.32146 8662.23
5.32161 8663.06
5.32176 8663.89
5.32191 8664.72
5.32206 8665.55
5.32221 8666.38
5.32236 8667.21
5.32251 8668.03
5.32266 8668.86
5.32281 8669.68
5.32296 8670.51
5.32311 8671.33
5.32326 8672.15
5.32341 8672.97
5.32356 8673.79
5.32371 8674.61
5.32386 8675.42
5.32401 8676.24
5.32416 8677.06
5.32431 8677.87
5.32446 8678.68
5.32461 8679.49
5.32476 8680.3
5.32491 8681.11
5.32506 8681.92
5.32521 8682.73
5.32536 8683.54
5.32551 8684.34
5.32566 8685.14
5.32581 8685.95
5.32596 8686.75
5.32611 8687.55
5.32626 8688.35
5.32641 8689.15
5.32656 8689.95
5.32671 8690.74
5.32686 8691.54
5.32701 8692.33
5.32716 8693.13
5.32731 8693.92
5.32746 8694.71
5.32761 8695.5
5.32776 8696.29
5.32791 8697.08
5.32806 8697.87
5.32821 8698.65
5.32836 8699.44
5.32851 8700.22
5.32866 8701
5.32881 8701.78
5.32896 8702.56
5.32911 8703.34
5.32926 8704.12
5.32941 8704.9
5.32956 8705.68
5.32971 8706.45
5.32986 8707.22
5.33001 8708
5.33016 8708.77
5.33031 8709.54
5.33046 8710.31
5.33061 8711.08
5.33076 8711.84
5.33091 8712.61
5.33106 8713.38
5.33121 8714.14
5.33136 8714.9
5.33151 8715.66
5.33166 8716.42
5.33181 8717.18
5.33196 8717.94
5.33211 8718.7
5.33226 8719.46
5.33241 8720.21
5.33256 8720.96
5.33271 8721.72
5.33286 8722.47
5.33301 8723.22
5.33316 8723.97
5.33331 8724.72
5.33346 8758.43
5.33361 8759.34
5.33376 8760.26
5.33391 8761.18
5.33406 8762.09
5.33421 8763.01
5.33436 8763.93
5.33451 8764.84
5.33466 8765.76
5.33481 8766.67
5.33496 8767.58
5.33511 8768.5
5.33526 8769.41
5.33541 8770.32
5.33556 8771.23
5.33571 8772.14
5.33586 8773.05
5.33601 8773.96
5.33616 8774.87
5.33631 8775.78
5.33646 8776.69
5.33661 8777.6
5.33676 8778.51
5.33691 8779.42
5.33706 8780.32
5.33721 8781.23
5.33736 8782.13
5.33751 8783.04
5.33766 8783.95
5.33781 8784.85
5.33796 8785.75
5.33811 8786.66
5.33826 8787.56
5.33841 8788.46
5.33856 8789.37
5.33871 8790.27
5.33886 8791.17
5.33901 8792.07
5.33916 8792.97
5.33931 8793.87
5.33946 8794.77
5.33961 8795.67
5.33976 8796.57
5.33991 8797.47
5.34006 8798.37
5.34021 8799.26
5.34036 8800.16
5.34051 8801.06
5.34066 8801.95
5.34081 8802.85
5.34096 8803.74
5.34111 8804.64
5.34126 8805.53
5.34141 8806.42
5.34156 8807.32
5.34171 8808.21
5.34186 8809.1
5.34201 8810
5.34216 8810.89
5.34231 8811.78
5.34246 8812.67
5.34261 8813.56
5.34276 8814.45
5.34291 8815.34
5.34306 8816.23
5.34321 8817.11
5.34336 8818
5.34351 8818.89
5.34366 8819.78
5.34381 8820.66
5.34396 8821.55
5.34411 8822.44
5.34426 8823.32
5.34441 8824.21
5.34456 8825.09
5.34471 8825.97
5.34486 8826.86
5.34501 8827.74
5.34516 8828.62
5.34531 8829.5
5.34546 8830.39
5.34561 8831.27
5.34576 8832.15
5.34591 8833.03
5.34606 8833.91
5.34621 8834.79
5.34636 8835.67
5.34651 8836.55
5.34666 8837.42
5.34681 8838.3
5.34696 8839.18
5.34711 8840.06
5.34726 8840.93
5.34741 8841.81
5.34756 8842.68
5.34771 8843.56
5.34786 8844.43
5.34801 8845.31
5.34816 8846.18
5.34831 8847.06
5.34846 8847.93
5.34861 8848.8
5.34876 8849.67
5.34891 8850.55
5.34906 8851.42
5.34921 8852.29
5.34936 8853.16
5.34951 8854.03
5.34966 8854.9
5.34981 8855.77
5.34996 8856.64
5.35011 8857.5
5.35026 8858.37
5.35041 8859.24
5.35056 8860.11
5.35071 8860.97
5.35086 8861.84
5.35101 8862.71
5.35116 8863.57
5.35131 8864.44
5.35146 8865.3
5.35161 8866.17
5.35176 8867.03
5.35191 8867.89
5.35206 8868.76
5.35221 8869.62
5.35236 8870.48
5.35251 8871.34
5.35266 8872.2
5.35281 8873.06
5.35296 8873.92
5.35311 8874.78
5.35326 8875.64
5.35341 8876.5
5.35356 8877.36
5.35371 8878.22
5.35386 8879.08
5.35401 8879.93
5.35416 8880.79
5.35431 8881.65
5.35446 8882.5
5.35461 8883.36
5.35476 8884.22
5.35491 8885.07
5.35506 8885.93
5.35521 8886.78
5.35536 8887.63
5.35551 8888.49
5.35566 8889.34
5.35581 8890.19
5.35596 8891.04
5.35611 8891.9
5.35626 8892.75
5.35641 8893.6
5.35656 8894.45
5.35671 8895.3
5.35686 8896.15
5.35701 8897
5.35716 8897.85
5.35731 8898.7
5.35746 8899.54
5.35761 8900.39
5.35776 8901.24
5.35791 8902.09
5.35806 8902.93
5.35821 8903.78
5.35836 8904.62
5.35851 8905.47
5.35866 8906.31
5.35881 8907.16
5.35896 8908
5.35911 8908.85
5.35926 8909.69
5.35941 8910.53
5.35956 8911.38
5.35971 8912.22
5.35986 8913.06
5.36002 8913.9
5.36017 8914.74
5.36032 8915.58
5.36047 8916.42
5.36062 8917.26
5.36077 8918.1
5.36092 8918.94
5.36107 8919.78
5.36122 8920.62
5.36137 8921.45
5.36152 8922.29
5.36167 8923.13
5.36182 8923.97
5.36197 8924.8
5.36212 8925.64
5.36227 8926.47
5.36242 8927.31
5.36257 8928.14
5.36272 8928.98
5.36287 8929.81
5.36302 8930.64
5.36317 8931.48
5.36332 8932.31
5.36347 8933.14
5.36362 8933.98
5.36377 8934.81
5.36392 8935.64
5.36407 8936.47
5.36422 8937.3
5.36437 8938.13
5.36452 8938.96
5.36467 8939.79
5.36482 8940.62
5.36497 8941.45
5.36512 8942.27
5.36527 8943.1
5.36542 8943.93
5.36557 8944.76
5.36572 8945.58
5.36587 8946.41
5.36602 8947.24
5.36617 8948.06
5.36632 8948.89
5.36647 8949.71
5.36662 8950.53
5.36677 8951.36
5.36692 8952.18
5.36707 8953.01
5.36722 8953.83
5.36737 8954.65
5.36752 8955.47
5.36767 8956.3
5.36782 8957.12
5.36797 8957.94
5.36812 8958.76
5.36827 8959.58
5.36842 8960.4
5.36857 8961.22
5.36872 8962.04
5.36887 8962.86
5.36902 8963.67
5.36917 8964.49
5.36932 8965.31
5.36947 8966.13
5.36962 8966.95
5.36977 8967.76
5.36992 8968.58
5.37007 8969.39
5.37022 8970.21
5.37037 8971.02
5.37052 8971.84
5.37067 8972.65
5.37082 8973.47
5.37097 8974.28
5.37112 8975.1
5.37127 8975.91
5.37142 8976.72
5.37157 8977.53
5.37172 8978.34
5.37187 8979.16
5.37202 8979.97
5.37217 8980.78
5.37232 8981.59
5.37247 8982.4
5.37262 8983.21
5.37277 8984.02
5.37292 8984.83
5.37307 8985.64
5.37322 8986.44
5.37337 8987.25
5.37352 8988.06
5.37367 8988.87
5.37382 8989.67
5.37397 8990.48
5.37412 8991.29
5.37427 8992.09
5.37442 8992.9
5.37457 8993.7
5.37472 8994.51
5.37487 8995.31
5.37502 8996.12
5.37517 8996.92
5.37532 8997.72
5.37547 8998.53
5.37562 8999.33
5.37577 9000.13
5.37592 9000.93
5.37607 9001.74
5.37622 9002.54
5.37637 9003.34
5.37652 9004.14
5.37667 9004.94
5.37682 9005.74
5.37697 9006.54
5.37712 9007.34
5.37727 9008.14
5.37742 9008.94
5.37757 9009.73
5.37772 9010.53
5.37787 9011.33
5.37802 9012.13
5.37817 9012.92
5.37832 9013.72
5.37847 9014.52
5.37862 9015.31
5.37877 9016.11
5.37892 9016.9
5.37907 9017.7
5.37922 9018.49
5.37937 9019.29
5.37952 9020.08
5.37967 9020.87
5.37982 9021.67
5.37997 9022.46
5.38012 9023.25
5.38027 9024.04
5.38042 9024.84
5.38057 9025.63
5.38072 9026.42
5.38087 9027.21
5.38102 9028
5.38117 9028.79
5.38132 9029.58
5.38147 9030.37
5.38162 9031.16
5.38177 9031.95
5.38192 9032.74
5.38207 9033.52
5.38222 9034.31
5.38237 9035.1
5.38252 9035.89
5.38267 9036.67
5.38282 9037.46
5.38297 9038.25
5.38312 9039.03
5.38327 9039.82
5.38342 9040.6
5.38357 9041.39
5.38372 9042.17
5.38387 9042.96
5.38402 9043.74
5.38417 9044.53
5.38432 9045.31
5.38447 9046.09
5.38462 9046.87
5.38477 9047.66
5.38492 9048.44
5.38507 9049.22
5.38522 9050
5.38537 9050.78
5.38552 9051.56
5.38567 9052.34
5.38582 9053.12
5.38597 9053.9
5.38612 9054.68
5.38627 9055.46
5.38642 9056.24
5.38657 9057.02
5.38672 9057.8
5.38687 9058.58
5.38702 9059.35
5.38717 9060.13
5.38732 9060.91
5.38747 9061.68
5.38762 9062.46
5.38777 9063.24
5.38792 9064.01
5.38807 9064.79
5.38822 9065.56
5.38837 9066.34
5.38852 9067.11
5.38867 9067.89
5.38882 9068.66
5.38897 9069.43
5.38912 9070.21
5.38927 9070.98
5.38942 9071.75
5.38957 9072.53
5.38972 9073.3
5.38987 9074.07
5.39002 9074.84
5.39017 9075.61
5.39032 9076.38
5.39047 9077.15
5.39062 9077.92
5.39077 9078.69
5.39092 9079.46
5.39107 9080.23
5.39122 9081
5.39137 9081.77
5.39152 9082.54
5.39167 9083.31
5.39182 9084.07
5.39197 9084.84
5.39212 9085.61
5.39227 9086.38
5.39242 9087.14
5.39257 9087.91
5.39272 9088.67
5.39287 9089.44
5.39302 9090.21
5.39317 9090.97
5.39332 9091.74
5.39347 9092.5
5.39362 9093.26
5.39377 9094.03
5.39392 9094.79
5.39407 9095.56
5.39422 9096.32
5.39437 9097.08
5.39452 9097.84
5.39467 9098.61
5.39482 9099.37
5.39497 9100.13
5.39512 9100.89
5.39527 9101.65
5.39542 9102.41
5.39557 9103.17
5.39572 9103.93
5.39587 9104.69
5.39602 9105.45
5.39617 9106.21
5.39632 9106.97
5.39647 9107.73
5.39662 9108.49
5.39677 9109.25
5.39692 9110
5.39707 9110.76
5.39722 9111.52
5.39737 9112.28
5.39752 9113.03
5.39767 9113.79
5.39782 9114.55
5.39797 9115.3
5.39812 9116.06
5.39827 9116.81
5.39842 9117.57
5.39857 9118.32
5.39872 9119.08
5.39887 9119.83
5.39902 9120.59
5.39917 9121.34
5.39932 9122.09
5.39947 9122.85
5.39962 9123.6
5.39977 9124.35
5.39992 9125.1
5.40008 9125.86
5.40023 9126.61
5.40038 9127.36
5.40053 9128.11
5.40068 9128.86
5.40083 9129.61
5.40098 9130.36
5.40113 9131.11
5.40128 9131.86
5.40143 9132.61
5.40158 9133.36
5.40173 9134.11
5.40188 9134.86
5.40203 9135.61
5.40218 9136.36
5.40233 9137.1
5.40248 9137.85
5.40263 9138.6
5.40278 9139.35
5.40293 9140.09
5.40308 9140.84
5.40323 9141.59
5.40338 9142.33
5.40353 9143.08
5.40368 9143.82
5.40383 9144.57
5.40398 9145.31
5.40413 9146.06
5.40428 9146.8
5.40443 9147.55
5.40458 9148.29
5.40473 9149.03
5.40488 9149.78
5.40503 9150.52
5.40518 9151.26
5.40533 9152.01
5.40548 9152.75
5.40563 9153.49
5.40578 9154.23
5.40593 9154.98
5.40608 9155.72
5.40623 9156.46
5.40638 9157.2
5.40653 9157.94
5.40668 9158.68
5.40683 9159.42
5.40698 9160.16
5.40713 9160.9
5.40728 9161.64
5.40743 9162.38
5.40758 9163.12
5.40773 9163.86
5.40788 9164.59
5.40803 9165.33
5.40818 9166.07
5.40833 9166.81
5.40848 9167.54
5.40863 9168.28
5.40878 9169.02
5.40893 9169.76
5.40908 9170.49
5.40923 9171.23
5.40938 9171.96
5.40953 9172.7
5.40968 9173.43
5.40983 9174.17
5.40998 9174.9
5.41013 9175.64
5.41028 9176.37
5.41043 9177.11
5.41058 9177.84
5.41073 9178.58
5.41088 9179.31
5.41103 9180.04
5.41118 9180.78
5.41133 9181.51
5.41148 9182.24
5.41163 9182.97
5.41178 9183.7
5.41193 9184.44
5.41208 9185.17
5.41223 9185.9
5.41238 9186.63
5.41253 9187.36
5.41268 9188.09
5.41283 9188.82
5.41298 9189.55
5.41313 9190.28
5.41328 9191.01
5.41343 9191.74
5.41358 9192.47
5.41373 9193.2
5.41388 9193.93
5.41403 9194.66
5.41418 9195.38
5.41433 9196.11
5.41448 9196.84
5.41463 9197.57
5.41478 9198.29
5.41493 9199.02
5.41508 9199.75
5.41523 9200.48
5.41538 9201.2
5.41553 9201.93
5.41568 9202.65
5.41583 9203.38
5.41598 9204.1
5.41613 9204.83
5.41628 9205.56
5.41643 9206.28
5.41658 9207
5.41673 9207.73
5.41688 9208.45
5.41703 9209.18
5.41718 9209.9
5.41733 9210.62
5.41748 9211.35
5.41763 9212.07
5.41778 9212.79
5.41793 9213.52
5.41808 9214.24
5.41823 9214.96
5.41838 9215.68
5.41853 9216.4
5.41868 9217.12
5.41883 9217.85
5.41898 9218.57
5.41913 9219.29
5.41928 9220.01
5.41943 9220.73
5.41958 9221.45
5.41973 9222.17
5.41988 9222.89
5.42003 9223.61
5.42018 9224.33
5.42033 9225.05
5.42048 9225.77
5.42063 9226.48
5.42078 9227.2
5.42093 9227.92
5.42108 9228.64
5.42123 9229.36
5.42138 9230.07
5.42153 9230.79
5.42168 9231.51
5.42183 9232.23
5.42198 9232.94
5.42213 9233.66
5.42228 9234.38
5.42243 9235.09
5.42258 9235.81
5.42273 9236.52
5.42288 9237.24
5.42303 9237.95
5.42318 9238.67
5.42333 9239.38
5.42348 9240.1
5.42363 9240.81
5.42378 9241.53
5.42393 9242.24
5.42408 9242.96
5.42423 9243.67
5.42438 9244.38
5.42453 9245.1
5.42468 9245.81
5.42483 9246.52
5.42498 9247.23
5.42513 9247.95
5.42528 9248.66
5.42543 9249.37
5.42558 9250.08
5.42573 9250.8
5.42588 9251.51
5.42603 9252.22
5.42618 9252.93
5.42633 9253.64
5.42648 9254.35
5.42663 9255.06
5.42678 9255.77
5.42693 9256.48
5.42708 9257.19
5.42723 9257.9
5.42738 9258.61
5.42753 9259.32
5.42768 9260.03
5.42783 9260.74
5.42798 9261.45
5.42813 9262.16
5.42828 9262.86
5.42843 9263.57
5.42858 9264.28
5.42873 9264.99
5.42888 9265.7
5.42903 9266.4
5.42918 9267.11
5.42933 9267.82
5.42948 9268.52
5.42963 9269.23
5.42978 9269.94
5.42993 9270.64
5.43008 9271.35
5.43023 9272.06
5.43038 9272.76
5.43053 9273.47
5.43068 9274.17
5.43083 9274.88
5.43098 9275.58
5.43113 9276.29
5.43128 9276.99
5.43143 9277.7
5.43158 9278.4
5.43173 9279.11
5.43188 9279.81
5.43203 9280.51
5.43218 9281.22
5.43233 9281.92
5.43248 9282.62
5.43263 9283.33
5.43278 9284.03
5.43293 9284.73
5.43308 9285.43
5.43323 9286.14
5.43338 9286.84
5.43353 9287.54
5.43368 9288.24
5.43383 9288.95
5.43398 9289.65
5.43413 9290.35
5.43428 9291.05
5.43443 9291.75
5.43458 9292.45
5.43473 9293.15
5.43488 9293.85
5.43503 9294.55
5.43518 9295.25
5.43533 9295.95
5.43548 9296.65
5.43563 9297.35
5.43578 9298.05
5.43593 9298.75
5.43608 9299.45
5.43623 9300.15
5.43638 9300.85
5.43653 9301.55
5.43668 9302.24
5.43683 9302.94
5.43698 9303.64
5.43713 9304.34
5.43728 9305.04
5.43743 9305.73
5.43758 9306.43
5.43773 9307.13
5.43788 9307.83
5.43803 9308.52
5.43818 9309.22
5.43833 9309.92
5.43848 9310.61
5.43863 9311.31
5.43878 9312.01
5.43893 9312.7
5.43908 9313.4
5.43923 9314.09
5.43938 9314.79
5.43953 9315.48
5.43968 9316.18
5.43983 9316.88
5.43998 9317.57
5.44014 9318.26
5.44029 9318.96
5.44044 9319.65
5.44059 9320.35
5.44074 9321.04
5.44089 9321.74
5.44104 9322.43
5.44119 9323.12
5.44134 9323.82
5.44149 9324.51
5.44164 9325.2
5.44179 9325.9
5.44194 9326.59
5.44209 9327.28
5.44224 9327.98
5.44239 9328.67
5.44254 9329.36
5.44269 9330.05
5.44284 9330.75
5.44299 9331.44
5.44314 9332.13
5.44329 9332.82
5.44344 9333.51
5.44359 9334.2
5.44374 9334.9
5.44389 9335.59
5.44404 9336.28
5.44419 9336.97
5.44434 9337.66
5.44449 9349.94
5.44464 9350.69
5.44479 9351.44
5.44494 9352.19
5.44509 9352.94
5.44524 9353.69
5.44539 9354.44
5.44554 9355.18
5.44569 9355.93
5.44584 9356.68
5.44599 9357.43
5.44614 9358.18
5.44629 9358.93
5.44644 9359.68
5.44659 9360.43
5.44674 9361.18
5.44689 9361.93
5.44704 9362.68
5.44719 9363.43
5.44734 9364.18
5.44749 9364.93
5.44764 9365.68
5.44779 9366.43
5.44794 9367.18
5.44809 9367.93
5.44824 9368.68
5.44839 9369.43
5.44854 9370.18
5.44869 9370.93
5.44884 9371.68
5.44899 9372.43
5.44914 9373.18
5.44929 9373.93
5.44944 9374.68
5.44959 9375.43
5.44974 9376.19
5.44989 9376.94
5.45004 9377.69
5.45019 9378.44
5.45034 9379.19
5.45049 9379.94
5.45064 9380.69
5.45079 9381.45
5.45094 9382.2
5.45109 9382.95
5.45124 9383.7
5.45139 9384.45
5.45154 9385.21
5.45169 9385.96
5.45184 9386.71
5.45199 9387.46
5.45214 9388.22
5.45229 9388.97
5.45244 9389.72
5.45259 9390.48
5.45274 9391.23
5.45289 9391.98
5.45304 9392.74
5.45319 9393.49
5.45334 9394.24
5.45349 9395
5.45364 9395.75
5.45379 9396.51
5.45394 9397.26
5.45409 9398.01
5.45424 9398.77
5.45439 9399.52
5.45454 9400.28
5.45469 9401.03
5.45484 9401.79
5.45499 9402.54
5.45514 9403.3
5.45529 9404.05
5.45544 9404.81
5.45559 9405.56
5.45574 9406.32
5.45589 9407.07
5.45604 9407.83
5.45619 9408.59
5.45634 9409.34
5.45649 9410.1
5.45664 9410.85
5.45679 9411.61
5.45694 9412.37
5.45709 9413.12
5.45724 9413.88
5.45739 9414.64
5.45754 9415.39
5.45769 9416.15
5.45784 9416.91
5.45799 9417.67
5.45814 9418.42
5.45829 9419.18
5.45844 9419.94
5.45859 9420.7
5.45874 9421.46
5.45889 9422.22
5.45904 9422.97
5.45919 9423.73
5.45934 9424.49
5.45949 9425.25
5.45964 9426.01
5.45979 9426.77
5.45994 9427.53
5.46009 9428.29
5.46024 9429.05
5.46039 9429.81
5.46054 9430.57
5.46069 9431.33
5.46084 9432.09
5.46099 9432.85
5.46114 9433.61
5.46129 9434.37
5.46144 9435.13
5.46159 9435.89
5.46174 9436.65
5.46189 9437.42
5.46204 9438.18
5.46219 9438.94
5.46234 9439.7
5.46249 9440.46
5.46264 9441.23
5.46279 9441.99
5.46294 9442.75
5.46309 9443.51
5.46324 9444.28
5.46339 9445.04
5.46354 9445.8
5.46369 9446.57
5.46384 9447.33
5.46399 9448.09
5.46414 9448.86
5.46429 9449.62
5.46444 9450.39
5.46459 9451.15
5.46474 9451.91
5.46489 9452.68
5.46504 9453.44
5.46519 9454.21
5.46534 9454.98
5.46549 9455.74
5.46564 9456.51
5.46579 9457.27
5.46594 9458.04
5.46609 9458.81
5.46624 9459.57
5.46639 9460.34
5.46654 9461.11
5.46669 9461.87
5.46684 9462.64
5.46699 9463.41
5.46714 9464.17
5.46729 9464.94
5.46744 9465.71
5.46759 9466.48
5.46774 9467.25
5.46789 9468.02
5.46804 9468.78
5.46819 9469.55
5.46834 9470.32
5.46849 9471.09
5.46864 9471.86
5.46879 9472.63
5.46894 9473.4
5.46909 9474.17
5.46924 9474.94
5.46939 9475.71
5.46954 9476.48
5.46969 9477.25
5.46984 9478.03
5.46999 9478.8
5.47014 9479.57
5.47029 9480.34
5.47044 9481.11
5.47059 9481.88
5.47074 9482.66
5.47089 9483.43
5.47104 9484.2
5.47119 9484.98
5.47134 9485.75
5.47149 9486.52
5.47164 9487.3
5.47179 9488.07
5.47194 9488.84
5.47209 9489.62
5.47224 9490.39
5.47239 9491.17
5.47254 9491.94
5.47269 9492.72
5.47284 9493.49
5.47299 9494.27
5.47314 9495.05
5.47329 9495.82
5.47344 9496.6
5.47359 9497.38
5.47374 9498.15
5.47389 9498.93
5.47404 9499.71
5.47419 9500.48
5.47434 9501.26
5.47449 9502.04
5.47464 9502.82
5.47479 9503.6
5.47494 9504.38
5.47509 9505.15
5.47524 9505.93
5.47539 9506.71
5.47554 9507.49
5.47569 9508.27
5.47584 9509.05
5.47599 9509.83
5.47614 9510.61
5.47629 9511.39
5.47644 9512.18
5.47659 9512.96
5.47674 9513.74
5.47689 9514.52
5.47704 9515.3
5.47719 9516.08
5.47734 9516.87
5.47749 9517.65
5.47764 9518.43
5.47779 9519.22
5.47794 9520
5.47809 9520.78
5.47824 9521.57
5.47839 9522.35
5.47854 9523.14
5.47869 9523.92
5.47884 9524.71
5.47899 9525.49
5.47914 9526.28
5.47929 9527.06
5.47944 9527.85
5.47959 9528.64
5.47974 9529.42
5.47989 9530.21
5.48005 9531
5.4802 9531.78
5.48035 9532.57
5.4805 9533.36
5.48065 9534.15
5.4808 9534.94
5.48095 9535.73
5.4811 9536.52
5.48125 9537.3
5.4814 9538.09
5.48155 9538.88
5.4817 9539.67
5.48185 9540.46
5.482 9541.26
5.48215 9542.05
5.4823 9542.84
5.48245 9543.63
5.4826 9544.42
5.48275 9545.21
5.4829 9546.01
5.48305 9546.8
5.4832 9547.59
5.48335 9548.38
5.4835 9549.18
5.48365 9549.97
5.4838 9550.77
5.48395 9551.56
5.4841 9552.35
5.48425 9553.15
5.4844 9553.94
5.48455 9554.74
5.4847 9555.54
5.48485 9556.33
5.485 9557.13
5.48515 9557.92
5.4853 9558.72
5.48545 9559.52
5.4856 9560.32
5.48575 9561.11
5.4859 9561.91
5.48605 9562.71
5.4862 9563.51
5.48635 9564.31
5.4865 9565.11
5.48665 9565.91
5.4868 9566.71
5.48695 9567.51
5.4871 9568.31
5.48725 9569.11
5.4874 9569.91
5.48755 9570.71
5.4877 9571.51
5.48785 9572.31
5.488 9573.12
5.48815 9573.92
5.4883 9574.72
5.48845 9575.53
5.4886 9576.33
5.48875 9577.13
5.4889 9577.94
5.48905 9578.74
5.4892 9579.55
5.48935 9580.35
5.4895 9581.16
5.48965 9581.96
5.4898 9582.77
5.48995 9583.58
5.4901 9584.38
5.49025 9585.19
5.4904 9586
5.49055 9586.81
5.4907 9587.61
5.49085 9588.42
5.491 9589.23
5.49115 9590.04
5.4913 9590.85
5.49145 9591.66
5.4916 9592.47
5.49175 9593.28
5.4919 9594.09
5.49205 9594.9
5.4922 9595.71
5.49235 9596.52
5.4925 9597.34
5.49265 9598.15
5.4928 9598.96
5.49295 9599.77
5.4931 9600.59
5.49325 9601.4
5.4934 9602.21
5.49355 9603.03
5.4937 9603.84
5.49385 9604.66
5.494 9605.47
5.49415 9606.29
5.4943 9607.11
5.49445 9607.92
5.4946 9608.74
5.49475 9609.56
5.4949 9610.37
5.49505 9611.19
5.4952 9612.01
5.49535 9612.83
5.4955 9613.65
5.49565 9614.47
5.4958 9615.29
5.49595 9616.11
5.4961 9616.93
5.49625 9617.75
5.4964 9618.57
5.49655 9619.39
5.4967 9620.21
5.49685 9621.03
5.497 9621.85
5.49715 9622.68
5.4973 9623.5
5.49745 9624.32
5.4976 9625.15
5.49775 9625.97
5.4979 9626.8
5.49805 9627.62
5.4982 9628.45
5.49835 9629.27
5.4985 9630.1
5.49865 9630.92
5.4988 9631.75
5.49895 9632.58
5.4991 9633.41
5.49925 9634.23
5.4994 9635.06
5.49955 9635.89
5.4997 9636.72
5.49985 9637.55
5.5 9638.38
5.50015 9639.21
5.5003 9640.04
5.50045 9640.87
5.5006 9641.7
5.50075 9642.53
5.5009 9643.36
5.50105 9644.2
5.5012 9645.03
5.50135 9645.86
5.5015 9646.7
5.50165 9647.53
5.5018 9648.37
5.50195 9649.2
5.5021 9650.03
5.50225 9650.87
5.5024 9651.71
5.50255 9652.54
5.5027 9653.38
5.50285 9654.22
5.503 9655.05
5.50315 9655.89
5.5033 9656.73
5.50345 9657.57
5.5036 9658.41
5.50375 9659.25
5.5039 9660.09
5.50405 9660.93
5.5042 9661.77
5.50435 9662.61
5.5045 9663.45
5.50465 9664.29
5.5048 9665.13
5.50495 9665.98
5.5051 9666.82
5.50525 9667.66
5.5054 9668.51
5.50555 9669.35
5.5057 9670.2
5.50585 9671.04
5.506 9671.89
5.50615 9672.73
5.5063 9673.58
5.50645 9674.42
5.5066 9675.27
5.50675 9676.12
5.5069 9676.97
5.50705 9677.82
5.5072 9678.66
5.50735 9679.51
5.5075 9680.36
5.50765 9681.21
5.5078 9682.06
5.50795 9682.91
5.5081 9683.77
5.50825 9684.62
5.5084 9685.47
5.50855 9686.32
5.5087 9687.18
5.50885 9688.03
5.509 9688.88
5.50915 9689.74
5.5093 9690.59
5.50945 9691.45
5.5096 9692.3
5.50975 9693.16
5.5099 9694.01
5.51005 9694.87
5.5102 9695.73
5.51035 9696.59
5.5105 9697.44
5.51065 9698.3
5.5108 9699.16
5.51095 9700.02
5.5111 9700.88
5.51125 9701.74
5.5114 9702.6
5.51155 9703.46
5.5117 9704.33
5.51185 9705.19
5.512 9706.05
5.51215 9706.91
5.5123 9707.78
5.51245 9708.64
5.5126 9709.5
5.51275 9710.37
5.5129 9711.23
5.51305 9712.1
5.5132 9712.97
5.51335 9713.83
5.5135 9714.7
5.51365 9715.57
5.5138 9716.44
5.51395 9717.3
5.5141 9718.17
5.51425 9719.04
5.5144 9719.91
5.51455 9720.78
5.5147 9721.65
5.51485 9722.52
5.515 9723.4
5.51515 9724.27
5.5153 9725.14
5.51545 9726.01
5.5156 9726.89
5.51575 9727.76
5.5159 9728.63
5.51605 9729.51
5.5162 9730.38
5.51635 9731.26
5.5165 9732.14
5.51665 9733.01
5.5168 9733.89
5.51695 9734.77
5.5171 9735.65
5.51725 9736.52
5.5174 9737.4
5.51755 9738.28
5.5177 9739.16
5.51785 9740.04
5.518 9740.92
5.51815 9741.81
5.5183 9742.69
5.51845 9743.57
5.5186 9744.45
5.51875 9745.34
5.5189 9746.22
5.51905 9747.1
5.5192 9747.99
5.51935 9748.87
5.5195 9749.76
5.51965 9750.65
5.5198 9751.53
5.51995 9752.42
5.52011 9753.31
5.52026 9754.2
5.52041 9755.09
5.52056 9755.97
5.52071 9756.86
5.52086 9757.75
5.52101 9758.65
5.52116 9759.54
5.52131 9760.43
5.52146 9761.32
5.52161 9762.21
5.52176 9763.11
5.52191 9764
5.52206 9764.89
5.52221 9765.79
5.52236 9766.68
5.52251 9767.58
5.52266 9768.48
5.52281 9769.37
5.52296 9770.27
5.52311 9771.17
5.52326 9772.07
5.52341 9772.96
5.52356 9773.86
5.52371 9774.76
5.52386 9775.66
5.52401 9776.56
5.52416 9777.47
5.52431 9778.37
5.52446 9779.27
5.52461 9780.17
5.52476 9781.08
5.52491 9781.98
5.52506 9782.88
5.52521 9783.79
5.52536 9784.69
5.52551 9785.6
5.52566 9786.51
5.52581 9787.41
5.52596 9788.32
5.52611 9789.23
5.52626 9790.14
5.52641 9791.05
5.52656 9791.96
5.52671 9792.87
5.52686 9793.78
5.52701 9794.69
5.52716 9795.6
5.52731 9796.51
5.52746 9797.42
5.52761 9798.34
5.52776 9799.25
5.52791 9800.17
5.52806 9801.08
5.52821 9802
5.52836 9802.91
5.52851 9803.83
5.52866 9804.75
5.52881 9805.66
5.52896 9806.58
5.52911 9807.5
5.52926 9808.42
5.52941 9809.34
5.52956 9810.26
5.52971 9811.18
5.52986 9812.1
5.53001 9813.02
5.53016 9813.94
5.53031 9814.87
5.53046 9815.79
5.53061 9816.72
5.53076 9817.64
5.53091 9818.57
5.53106 9819.49
5.53121 9820.42
5.53136 9821.34
5.53151 9822.27
5.53166 9823.2
5.53181 9824.13
5.53196 9825.06
5.53211 9825.99
5.53226 9826.92
5.53241 9827.85
5.53256 9828.78
5.53271 9829.71
5.53286 9830.64
5.53301 9831.58
5.53316 9832.51
5.53331 9833.44
5.53346 9834.38
5.53361 9835.31
5.53376 9836.25
5.53391 9837.19
5.53406 9838.12
5.53421 9839.06
5.53436 9840
5.53451 9840.94
5.53466 9841.88
5.53481 9842.82
5.53496 9843.76
5.53511 9844.7
5.53526 9845.64
5.53541 9846.58
5.53556 9847.52
5.53571 9848.47
5.53586 9849.41
5.53601 9850.35
5.53616 9851.3
5.53631 9852.24
5.53646 9853.19
5.53661 9854.14
5.53676 9855.08
5.53691 9856.03
5.53706 9856.98
5.53721 9857.93
5.53736 9858.88
5.53751 9859.83
5.53766 9860.78
5.53781 9861.73
5.53796 9862.68
5.53811 9863.64
5.53826 9864.59
5.53841 9865.54
5.53856 9866.5
5.53871 9867.45
5.53886 9868.41
5.53901 9869.36
5.53916 9870.32
5.53931 9871.28
5.53946 9872.24
5.53961 9873.19
5.53976 9874.15
5.53991 9875.11
5.54006 9876.07
5.54021 9877.03
5.54036 9878
5.54051 9878.96
5.54066 9879.92
5.54081 9880.88
5.54096 9881.85
5.54111 9882.81
5.54126 9883.78
5.54141 9884.74
5.54156 9885.71
5.54171 9886.68
5.54186 9887.64
5.54201 9888.61
5.54216 9889.58
5.54231 9890.55
5.54246 9891.52
5.54261 9892.49
5.54276 9893.46
5.54291 9894.43
5.54306 9895.41
5.54321 9896.38
5.54336 9897.35
5.54351 9898.33
5.54366 9899.3
5.54381 9900.28
5.54396 9901.26
5.54411 9902.23
5.54426 9903.21
5.54441 9904.19
5.54456 9905.17
5.54471 9906.15
5.54486 9907.13
5.54501 9908.11
5.54516 9909.09
5.54531 9910.07
5.54546 9911.05
5.54561 9912.04
5.54576 9913.02
5.54591 9914
5.54606 9914.99
5.54621 9915.97
5.54636 9916.96
5.54651 9917.95
5.54666 9918.94
5.54681 9919.92
5.54696 9920.91
5.54711 9921.9
5.54726 9922.89
5.54741 9923.88
5.54756 9924.87
5.54771 9925.87
5.54786 9926.86
5.54801 9927.85
5.54816 9928.85
5.54831 9929.84
5.54846 9930.84
5.54861 9931.83
5.54876 9932.83
5.54891 9933.83
5.54906 9934.82
5.54921 9935.82
5.54936 9936.82
5.54951 9937.82
5.54966 9938.82
5.54981 9939.82
5.54996 9940.83
5.55011 9941.83
5.55026 9942.83
5.55041 9943.84
5.55056 9944.84
5.55071 9945.84
5.55086 9946.85
5.55101 9947.86
5.55116 9948.86
5.55131 9949.87
5.55146 9950.88
5.55161 9951.89
5.55176 9952.9
5.55191 9953.91
5.55206 9954.92
5.55221 9955.93
5.55236 9956.95
5.55251 9957.96
5.55266 9958.97
5.55281 9959.99
5.55296 9961
5.55311 9962.02
5.55326 9963.03
5.55341 9964.05
5.55356 9965.07
5.55371 9966.09
5.55386 9967.11
5.55401 9968.13
5.55416 9969.15
5.55431 9970.17
5.55446 9971.19
5.55461 9972.21
5.55476 9973.24
5.55491 9974.26
5.55506 9975.29
5.55521 9976.31
5.55536 9977.34
5.55551 9978.36
5.55566 9976.09
5.55581 9977.09
5.55596 9978.1
5.55611 9979.11
5.55626 9980.12
5.55641 9981.13
5.55656 9982.14
5.55671 9983.15
5.55686 9984.16
5.55701 9985.17
5.55716 9986.18
5.55731 9987.2
5.55746 9988.21
5.55761 9989.22
5.55776 9990.24
5.55791 9991.26
5.55806 9992.27
5.55821 9993.29
5.55836 9994.3
5.55851 9995.32
5.55866 9996.34
5.55881 9997.36
5.55896 9998.38
5.55911 9999.4
5.55926 10000.4
5.55941 10001.4
5.55956 10002.5
5.55971 10003.5
5.55986 10004.5
5.56002 10005.5
5.56017 10006.6
5.56032 10007.6
5.56047 10008.6
5.56062 10009.6
5.56077 10010.7
5.56092 10011.7
5.56107 10012.7
5.56122 10013.7
5.56137 10014.8
5.56152 10015.8
5.56167 10016.8
5.56182 10017.9
5.56197 10018.9
5.56212 10019.9
5.56227 10021
5.56242 10022
5.56257 10023
5.56272 10024.1
5.56287 10025.1
5.56302 10026.1
5.56317 10027.2
5.56332 10028.2
5.56347 10029.2
5.56362 10030.3
5.56377 10031.3
5.56392 10032.4
5.56407 10033.4
5.56422 10034.4
5.56437 10035.5
5.56452 10036.5
5.56467 10037.6
5.56482 10038.6
5.56497 10039.7
5.56512 10040.7
5.56527 10041.7
5.56542 10042.8
5.56557 10043.8
5.56572 10044.9
5.56587 10045.9
5.56602 10047
5.56617 10048
5.56632 10049.1
5.56647 10050.1
5.56662 10051.2
5.56677 10052.2
5.56692 10053.3
5.56707 10054.3
5.56722 10055.4
5.56737 10056.4
5.56752 10057.5
5.56767 10058.5
5.56782 10059.6
5.56797 10060.7
5.56812 10061.7
5.56827 10062.8
5.56842 10063.8
5.56857 10064.9
5.56872 10065.9
5.56887 10067
5.56902 10068.1
5.56917 10069.1
5.56932 10070.2
5.56947 10071.2
5.56962 10072.3
5.56977 10073.4
5.56992 10074.4
5.57007 10075.5
5.57022 10076.6
5.57037 10077.6
5.57052 10078.7
5.57067 10079.8
5.57082 10080.8
5.57097 10081.9
5.57112 10083
5.57127 10084
5.57142 10085.1
5.57157 10086.2
5.57172 10087.3
5.57187 10088.3
5.57202 10089.4
5.57217 10090.5
5.57232 10091.5
5.57247 10092.6
5.57262 10093.7
5.57277 10094.8
5.57292 10095.9
5.57307 10096.9
5.57322 10098
5.57337 10099.1
5.57352 10100.2
5.57367 10101.2
5.57382 10102.3
5.57397 10103.4
5.57412 10104.5
5.57427 10105.6
5.57442 10106.7
5.57457 10107.7
5.57472 10108.8
5.57487 10109.9
5.57502 10111
5.57517 10112.1
5.57532 10113.2
5.57547 10114.3
5.57562 10115.3
5.57577 10116.4
5.57592 10117.5
5.57607 10118.6
5.57622 10119.7
5.57637 10120.8
5.57652 10121.9
5.57667 10123
5.57682 10124.1
5.57697 10125.2
5.57712 10126.3
5.57727 10127.4
5.57742 10128.5
5.57757 10129.5
5.57772 10130.6
5.57787 10131.7
5.57802 10132.8
5.57817 10133.9
5.57832 10135
5.57847 10136.1
5.57862 10137.2
5.57877 10138.3
5.57892 10139.4
5.57907 10140.5
5.57922 10141.7
5.57937 10142.8
5.57952 10143.9
5.57967 10145
5.57982 10146.1
5.57997 10147.2
5.58012 10148.3
5.58027 10149.4
5.58042 10150.5
5.58057 10151.6
5.58072 10152.7
5.58087 10153.8
5.58102 10155
5.58117 10156.1
5.58132 10157.2
5.58147 10158.3
5.58162 10159.4
5.58177 10160.5
5.58192 10161.6
5.58207 10162.8
5.58222 10163.9
5.58237 10165
5.58252 10166.1
5.58267 10167.2
5.58282 10168.3
5.58297 10169.5
5.58312 10170.6
5.58327 10171.7
5.58342 10172.8
5.58357 10174
5.58372 10175.1
5.58387 10176.2
5.58402 10177.3
5.58417 10178.5
5.58432 10179.6
5.58447 10180.7
5.58462 10181.8
5.58477 10183
5.58492 10184.1
5.58507 10185.2
5.58522 10186.3
5.58537 10187.5
5.58552 10188.6
5.58567 10189.7
5.58582 10190.9
5.58597 10192
5.58612 10193.1
5.58627 10194.3
5.58642 10195.4
5.58657 10196.6
5.58672 10197.7
5.58687 10198.8
5.58702 10200
5.58717 10201.1
5.58732 10202.2
5.58747 10203.4
5.58762 10204.5
5.58777 10205.7
5.58792 10206.8
5.58807 10208
5.58822 10209.1
5.58837 10210.2
5.58852 10211.4
5.58867 10212.5
5.58882 10213.7
5.58897 10214.8
5.58912 10216
5.58927 10217.1
5.58942 10218.3
5.58957 10219.4
5.58972 10220.6
5.58987 10221.7
5.59002 10222.9
5.59017 10224
5.59032 10225.2
5.59047 10226.3
5.59062 10227.5
5.59077 10228.7
5.59092 10229.8
5.59107 10231
5.59122 10232.1
5.59137 10233.3
5.59152 10234.4
5.59167 10235.6
5.59182 10236.8
5.59197 10237.9
5.59212 10239.1
5.59227 10240.2
5.59242 10241.4
5.59257 10242.6
5.59272 10243.7
5.59287 10244.9
5.59302 10246.1
5.59317 10247.2
5.59332 10248.4
5.59347 10249.6
5.59362 10250.7
5.59377 10251.9
5.59392 10253.1
5.59407 10254.3
5.59422 10255.4
5.59437 10256.6
5.59452 10257.8
5.59467 10258.9
5.59482 10260.1
5.59497 10261.3
5.59512 10262.5
5.59527 10263.6
5.59542 10264.8
5.59557 10266
5.59572 10267.2
5.59587 10268.4
5.59602 10269.5
5.59617 10270.7
5.59632 10271.9
5.59647 10273.1
5.59662 10274.3
5.59677 10275.4
5.59692 10276.6
5.59707 10277.8
5.59722 10279
5.59737 10280.2
5.59752 10281.4
5.59767 10282.6
5.59782 10283.8
5.59797 10284.9
5.59812 10286.1
5.59827 10287.3
5.59842 10288.5
5.59857 10289.7
5.59872 10290.9
5.59887 10292.1
5.59902 10293.3
5.59917 10294.5
5.59932 10295.7
5.59947 10296.9
5.59962 10298.1
5.59977 10299.3
5.59992 10300.5
5.60008 10301.7
5.60023 10302.9
5.60038 10304.1
5.60053 10305.3
5.60068 10306.5
5.60083 10307.7
5.60098 10308.9
5.60113 10310.1
5.60128 10311.3
5.60143 10312.5
5.60158 10313.7
5.60173 10314.9
5.60188 10316.1
5.60203 10317.3
5.60218 10318.5
5.60233 10319.7
5.60248 10321
5.60263 10322.2
5.60278 10323.4
5.60293 10324.6
5.60308 10325.8
5.60323 10327
5.60338 10328.2
5.60353 10329.5
5.60368 10330.7
5.60383 10331.9
5.60398 10333.1
5.60413 10334.3
5.60428 10335.5
5.60443 10336.8
5.60458 10338
5.60473 10339.2
5.60488 10340.4
5.60503 10341.7
5.60518 10342.9
5.60533 10344.1
5.60548 10345.3
5.60563 10346.6
5.60578 10347.8
5.60593 10349
5.60608 10350.2
5.60623 10351.5
5.60638 10352.7
5.60653 10353.9
5.60668 10355.2
5.60683 10356.4
5.60698 10357.6
5.60713 10358.9
5.60728 10360.1
5.60743 10361.3
5.60758 10362.6
5.60773 10363.8
5.60788 10365
5.60803 10366.3
5.60818 10367.5
5.60833 10368.7
5.60848 10370
5.60863 10371.2
5.60878 10372.5
5.60893 10373.7
5.60908 10375
5.60923 10376.2
5.60938 10377.4
5.60953 10378.7
5.60968 10379.9
5.60983 10381.2
5.60998 10382.4
5.61013 10383.7
5.61028 10384.9
5.61043 10386.2
5.61058 10387.4
5.61073 10388.7
5.61088 10389.9
5.61103 10391.2
5.61118 10392.4
5.61133 10393.7
5.61148 10394.9
5.61163 10396.2
5.61178 10397.5
5.61193 10398.7
5.61208 10400
5.61223 10401.2
5.61238 10402.5
5.61253 10403.8
5.61268 10405
5.61283 10406.3
5.61298 10407.5
5.61313 10408.8
5.61328 10410.1
5.61343 10411.3
5.61358 10412.6
5.61373 10413.9
5.61388 10415.1
5.61403 10416.4
5.61418 10417.7
5.61433 10418.9
5.61448 10420.2
5.61463 10421.5
5.61478 10422.8
5.61493 10424
5.61508 10425.3
5.61523 10426.6
5.61538 10427.9
5.61553 10429.1
5.61568 10430.4
5.61583 10431.7
5.61598 10433
5.61613 10434.2
5.61628 10435.5
5.61643 10436.8
5.61658 10438.1
5.61673 10439.4
5.61688 10440.6
5.61703 10441.9
5.61718 10443.2
5.61733 10444.5
5.61748 10445.8
5.61763 10447.1
5.61778 10448.4
5.61793 10449.6
5.61808 10450.9
5.61823 10452.2
5.61838 10453.5
5.61853 10454.8
5.61868 10456.1
5.61883 10457.4
5.61898 10458.7
5.61913 10460
5.61928 10461.3
5.61943 10462.6
5.61958 10463.9
5.61973 10465.2
5.61988 10466.5
5.62003 10467.8
5.62018 10469.1
5.62033 10470.4
5.62048 10471.7
5.62063 10473
5.62078 10474.3
5.62093 10475.6
5.62108 10476.9
5.62123 10478.2
5.62138 10479.5
5.62153 10480.8
5.62168 10482.1
5.62183 10483.4
5.62198 10484.7
5.62213 10486
5.62228 10487.3
5.62243 10488.6
5.62258 10490
5.62273 10491.3
5.62288 10492.6
5.62303 10493.9
5.62318 10495.2
5.62333 10496.5
5.62348 10497.8
5.62363 10499.2
5.62378 10500.5
5.62393 10501.8
5.62408 10503.1
5.62423 10504.4
5.62438 10505.8
5.62453 10507.1
5.62468 10508.4
5.62483 10509.7
5.62498 10511.1
5.62513 10512.4
5.62528 10513.7
5.62543 10515
5.62558 10516.4
5.62573 10517.7
5.62588 10519
5.62603 10520.4
5.62618 10521.7
5.62633 10523
5.62648 10524.3
5.62663 10525.7
5.62678 10527
5.62693 10528.3
5.62708 10529.7
5.62723 10531
5.62738 10532.4
5.62753 10533.7
5.62768 10535
5.62783 10536.4
5.62798 10537.7
5.62813 10539.1
5.62828 10540.4
5.62843 10541.7
5.62858 10543.1
5.62873 10544.4
5.62888 10545.8
5.62903 10547.1
5.62918 10548.5
5.62933 10549.8
5.62948 10551.2
5.62963 10552.5
5.62978 10553.9
5.62993 10555.2
5.63008 10556.6
5.63023 10557.9
5.63038 10559.3
5.63053 10560.6
5.63068 10562
5.63083 10563.3
5.63098 10564.7
5.63113 10566.1
5.63128 10567.4
5.63143 10568.8
5.63158 10570.1
5.63173 10571.5
5.63188 10572.9
5.63203 10574.2
5.63218 10575.6
5.63233 10577
5.63248 10578.3
5.63263 10579.7
5.63278 10581
5.63293 10582.4
5.63308 10583.8
5.63323 10585.2
5.63338 10586.5
5.63353 10587.9
5.63368 10589.3
5.63383 10590.6
5.63398 10592
5.63413 10593.4
5.63428 10594.8
5.63443 10596.1
5.63458 10597.5
5.63473 10598.9
5.63488 10600.3
5.63503 10601.6
5.63518 10603
5.63533 10604.4
5.63548 10605.8
5.63563 10607.2
5.63578 10608.6
5.63593 10609.9
5.63608 10611.3
5.63623 10612.7
5.63638 10614.1
5.63653 10615.5
5.63668 10616.9
5.63683 10618.3
5.63698 10619.6
5.63713 10621
5.63728 10622.4
5.63743 10623.8
5.63758 10625.2
5.63773 10626.6
5.63788 10628
5.63803 10629.4
5.63818 10630.8
5.63833 10632.2
5.63848 10633.6
5.63863 10635
5.63878 10636.4
5.63893 10637.8
5.63908 10639.2
5.63923 10640.6
5.63938 10642
5.63953 10643.4
5.63968 10644.8
5.63983 10646.2
5.63998 10647.6
5.64014 10649
5.64029 10650.4
5.64044 10651.8
5.64059 10653.2
5.64074 10654.7
5.64089 10656.1
5.64104 10657.5
5.64119 10658.9
5.64134 10660.3
5.64149 10661.7
5.64164 10663.1
5.64179 10664.6
5.64194 10666
5.64209 10667.4
5.64224 10668.8
5.64239 10670.2
5.64254 10671.7
5.64269 10673.1
5.64284 10674.5
5.64299 10675.9
5.64314 10677.3
5.64329 10678.8
5.64344 10680.2
5.64359 10681.6
5.64374 10683
5.64389 10684.5
5.64404 10685.9
5.64419 10687.3
5.64434 10688.8
5.64449 10690.2
5.64464 10691.6
5.64479 10693.1
5.64494 10694.5
5.64509 10695.9
5.64524 10697.4
5.64539 10698.8
5.64554 10700.2
5.64569 10701.7
5.64584 10703.1
5.64599 10704.6
5.64614 10706
5.64629 10707.4
5.64644 10708.9
5.64659 10710.3
5.64674 10711.8
5.64689 10713.2
5.64704 10714.7
5.64719 10716.1
5.64734 10717.6
5.64749 10719
5.64764 10720.5
5.64779 10721.9
5.64794 10723.4
5.64809 10724.8
5.64824 10726.3
5.64839 10727.7
5.64854 10729.2
5.64869 10730.6
5.64884 10732.1
5.64899 10733.5
5.64914 10735
5.64929 10736.5
5.64944 10737.9
5.64959 10739.4
5.64974 10740.8
5.64989 10742.3
5.65004 10743.8
5.65019 10745.2
5.65034 10746.7
5.65049 10748.2
5.65064 10749.6
5.65079 10751.1
5.65094 10752.6
5.65109 10754
5.65124 10755.5
5.65139 10757
5.65154 10758.5
5.65169 10759.9
5.65184 10761.4
5.65199 10762.9
5.65214 10764.4
5.65229 10765.8
5.65244 10767.3
5.65259 10768.8
5.65274 10770.3
5.65289 10771.7
5.65304 10773.2
5.65319 10774.7
5.65334 10776.2
5.65349 10777.7
5.65364 10779.2
5.65379 10780.6
5.65394 10782.1
5.65409 10783.6
5.65424 10785.1
5.65439 10786.6
5.65454 10788.1
5.65469 10789.6
5.65484 10791.1
5.65499 10792.6
5.65514 10794.1
5.65529 10795.6
5.65544 10797
5.65559 10798.5
5.65574 10800
5.65589 10801.5
5.65604 10803
5.65619 10804.5
5.65634 10806
5.65649 10807.5
5.65664 10809
5.65679 10810.5
5.65694 10812
5.65709 10813.6
5.65724 10815.1
5.65739 10816.6
5.65754 10818.1
5.65769 10819.6
5.65784 10821.1
5.65799 10822.6
5.65814 10824.1
5.65829 10825.6
5.65844 10827.1
5.65859 10828.7
5.65874 10830.2
5.65889 10831.7
5.65904 10833.2
5.65919 10834.7
5.65934 10836.2
5.65949 10837.8
5.65964 10839.3
5.65979 10840.8
5.65994 10842.3
5.66009 10843.8
5.66024 10845.4
5.66039 10846.9
5.66054 10848.4
5.66069 10849.9
5.66084 10851.5
5.66099 10853
5.66114 10854.5
5.66129 10856.1
5.66144 10857.6
5.66159 10859.1
5.66174 10860.6
5.66189 10862.2
5.66204 10863.7
5.66219 10865.3
5.66234 10866.8
5.66249 10868.3
5.66264 10869.9
5.66279 10871.4
5.66294 10872.9
5.66309 10874.5
5.66324 10876
5.66339 10877.6
5.66354 10879.1
5.66369 10880.7
5.66384 10882.2
5.66399 10883.7
5.66414 10885.3
5.66429 10886.8
5.66444 10888.4
5.66459 10889.9
5.66474 10891.5
5.66489 10893
5.66504 10894.6
5.66519 10896.2
5.66534 10897.7
5.66549 10899.3
5.66564 10900.8
5.66579 10902.4
5.66594 10903.9
5.66609 10905.5
5.66624 10907.1
5.66639 10908.6
5.66654 10910.2
5.66669 10898.2
5.66684 10899.7
5.66699 10901.2
5.66714 10902.6
5.66729 10904.1
5.66744 10905.6
5.66759 10907.1
5.66774 10908.6
5.66789 10910.1
5.66804 10911.6
5.66819 10913.1
5.66834 10914.6
5.66849 10916.1
5.66864 10917.6
5.66879 10919.1
5.66894 10920.6
5.66909 10922.1
5.66924 10923.6
5.66939 10925.1
5.66954 10926.6
5.66969 10928.1
5.66984 10929.6
5.66999 10931.1
5.67014 10932.6
5.67029 10934.1
5.67044 10935.6
5.67059 10937.1
5.67074 10938.6
5.67089 10940.1
5.67104 10941.6
5.67119 10943.1
5.67134 10944.6
5.67149 10946.1
5.67164 10947.6
5.67179 10949.1
5.67194 10950.6
5.67209 10952.1
5.67224 10953.6
5.67239 10955.1
5.67254 10956.7
5.67269 10958.2
5.67284 10959.7
5.67299 10961.2
5.67314 10962.7
5.67329 10964.2
5.67344 10965.7
5.67359 10967.2
5.67374 10968.8
5.67389 10970.3
5.67404 10971.8
5.67419 10973.3
5.67434 10974.8
5.67449 10976.3
5.67464 10977.9
5.67479 10979.4
5.67494 10980.9
5.67509 10982.4
5.67524 10983.9
5.67539 10985.5
5.67554 10987
5.67569 10988.5
5.67584 10990
5.67599 10991.6
5.67614 10993.1
5.67629 10994.6
5.67644 10996.1
5.67659 10997.7
5.67674 10999.2
5.67689 11000.7
5.67704 11002.2
5.67719 11003.8
5.67734 11005.3
5.67749 11006.8
5.67764 11008.4
5.67779 11009.9
5.67794 11011.4
5.67809 11012.9
5.67824 11014.5
5.67839 11016
5.67854 11017.5
5.67869 11019.1
5.67884 11020.6
5.67899 11022.1
5.67914 11023.7
5.67929 11025.2
5.67944 11026.8
5.67959 11028.3
5.67974 11029.8
5.67989 11031.4
5.68005 11032.9
5.6802 11034.4
5.68035 11036
5.6805 11037.5
5.68065 11039.1
5.6808 11040.6
5.68095 11042.2
5.6811 11043.7
5.68125 11045.2
5.6814 11046.8
5.68155 11048.3
5.6817 11049.9
5.68185 11051.4
5.682 11053
5.68215 11054.5
5.6823 11056.1
5.68245 11057.6
5.6826 11059.2
5.68275 11060.7
5.6829 11062.3
5.68305 11063.8
5.6832 11065.4
5.68335 11066.9
5.6835 11068.5
5.68365 11070
5.6838 11071.6
5.68395 11073.1
5.6841 11074.7
5.68425 11076.2
5.6844 11077.8
5.68455 11079.3
5.6847 11080.9
5.68485 11082.4
5.685 11084
5.68515 11085.6
5.6853 11087.1
5.68545 11088.7
5.6856 11090.2
5.68575 11091.8
5.6859 11093.4
5.68605 11094.9
5.6862 11096.5
5.68635 11098
5.6865 11099.6
5.68665 11101.2
5.6868 11102.7
5.68695 11104.3
5.6871 11105.9
5.68725 11107.4
5.6874 11109
5.68755 11110.5
5.6877 11112.1
5.68785 11113.7
5.688 11115.3
5.68815 11116.8
5.6883 11118.4
5.68845 11120
5.6886 11121.5
5.68875 11123.1
5.6889 11124.7
5.68905 11126.2
5.6892 11127.8
5.68935 11129.4
5.6895 11131
5.68965 11132.5
5.6898 11134.1
5.68995 11135.7
5.6901 11137.3
5.69025 11138.8
5.6904 11140.4
5.69055 11142
5.6907 11143.6
5.69085 11145.1
5.691 11146.7
5.69115 11148.3
5.6913 11149.9
5.69145 11151.5
5.6916 11153
5.69175 11154.6
5.6919 11156.2
5.69205 11157.8
5.6922 11159.4
5.69235 11160.9
5.6925 11162.5
5.69265 11164.1
5.6928 11165.7
5.69295 11167.3
5.6931 11168.9
5.69325 11170.4
5.6934 11172
5.69355 11173.6
5.6937 11175.2
5.69385 11176.8
5.694 11178.4
5.69415 11180
5.6943 11181.6
5.69445 11183.2
5.6946 11184.7
5.69475 11186.3
5.6949 11187.9
5.69505 11189.5
5.6952 11191.1
5.69535 11192.7
5.6955 11194.3
5.69565 11195.9
5.6958 11197.5
5.69595 11199.1
5.6961 11200.7
5.69625 11202.3
5.6964 11203.9
5.69655 11205.5
5.6967 11207.1
5.69685 11208.7
5.697 11210.3
5.69715 11211.9
5.6973 11213.5
5.69745 11215.1
5.6976 11216.7
5.69775 11218.3
5.6979 11219.9
5.69805 11221.5
5.6982 11223.1
5.69835 11224.7
5.6985 11226.3
5.69865 11227.9
5.6988 11229.5
5.69895 11231.1
5.6991 11232.7
5.69925 11234.3
5.6994 11235.9
5.69955 11237.5
5.6997 11239.1
5.69985 11240.7
5.7 11242.3
